files/test_files/ascii_files/ascii_to_fds/dem.asc
ncols         250
nrows         150
xllcorner     0.00
yllcorner     0.00
cellsize      20
NODATA_value  -1
[rows 108 to 143 of 150, columns 162 to 242 of 250]
250.4 261.6 272.8 287.2 300 311.2 327.2 346.4 365.6 384.8 403.2 425.6 443.2 468.8 491.2 513.6 537.6 556 579.2 596 596.8 596.8 592.8 602.4 621.6 646.4 665.6 675.2 676 690.4 693.6 691.2 710.4 737.6 764 786.4 812.8 837.6 860 882.4 900.8 913.6 896 870.4 848 832.8 828 827.2 825.6 824.8 824.8 826.4 827.2 828 827.2 826.4 828 830.4 835.2 837.6 837.6 835.2 836.8 844 855.2 867.2 879.2 889.6 897.6 904.8 913.6 927.2 951.2 979.2 1002.4 1016.8 1036 1047.2 1055.2 1064 1072
246.4 256.8 265.6 276.8 288 303.2 322.4 340.8 358.4 376 395.2 412 437.6 468 495.2 514.4 527.2 547.2 564.8 574.4 575.2 560.8 573.6 596 616.8 632 635.2 641.6 651.2 660 667.2 689.6 715.2 744 769.6 791.2 817.6 841.6 864 883.2 902.4 920 906.4 883.2 864 848 843.2 844 841.6 836.8 834.4 835.2 836 835.2 832.8 831.2 829.6 832 836 838.4 836.8 836.8 845.6 853.6 860.8 870.4 883.2 895.2 904 912.8 917.6 929.6 948.8 968.8 985.6 1001.6 1027.2 1045.6 1055.2 1065.6 1075.2
242.4 252 260 268 282.4 300 316 332.8 351.2 368 382.4 403.2 428.8 457.6 483.2 490.4 515.2 535.2 548.8 557.6 544 547.2 572.8 595.2 604.8 600.8 600.8 616 631.2 644.8 667.2 691.2 720.8 748.8 776 801.6 820.8 839.2 861.6 880 898.4 916 913.6 896 880 867.2 860 865.6 864 856.8 850.4 848.8 850.4 849.6 847.2 843.2 840 837.6 839.2 840 838.4 837.6 846.4 861.6 872.8 884.8 897.6 908.8 916 925.6 932 932.8 943.2 956.8 969.6 986.4 1008 1034.4 1056 1068 1080
239.2 248 256 264.8 277.6 292.8 307.2 324.8 344 357.6 376 394.4 413.6 438.4 453.6 473.6 497.6 515.2 532 532.8 520 544 569.6 577.6 568.8 564 581.6 602.4 623.2 648 672 695.2 722.4 755.2 780 798.4 819.2 836.8 857.6 876.8 894.4 905.6 901.6 894.4 889.6 887.2 885.6 884.8 880.8 873.6 868 865.6 860.8 858.4 858.4 858.4 853.6 846.4 844.8 845.6 844.8 844 851.2 867.2 885.6 897.6 907.2 915.2 924.8 935.2 943.2 944.8 944.8 951.2 960.8 974.4 990.4 1021.6 1053.6 1073.6 1086.4
236.8 243.2 249.6 259.2 270.4 284.8 299.2 316 332 348 365.6 385.6 401.6 416 440.8 467.2 488 502.4 508.8 495.2 506.4 532.8 543.2 537.6 537.6 554.4 574.4 596.8 621.6 653.6 681.6 706.4 732 764.8 790.4 808 822.4 837.6 854.4 871.2 888.8 893.6 885.6 881.6 883.2 887.2 885.6 880 877.6 873.6 867.2 859.2 855.2 853.6 857.6 866.4 868 860.8 856.8 856 854.4 854.4 860 875.2 893.6 908 916 925.6 936 944.8 952.8 957.6 961.6 961.6 961.6 972.8 989.6 1013.6 1046.4 1079.2 1092
233.6 238.4 244.8 252.8 264 276 289.6 305.6 323.2 337.6 359.2 377.6 395.2 412 434.4 460.8 480 486.4 480.8 474.4 496 504 504.8 512 535.2 552 571.2 592.8 619.2 652 688.8 715.2 744 765.6 784.8 803.2 820.8 832.8 848.8 864 881.6 878.4 868.8 863.2 868.8 872.8 872.8 864.8 860.8 857.6 851.2 842.4 840 840.8 847.2 855.2 867.2 872.8 871.2 869.6 866.4 867.2 871.2 887.2 906.4 920.8 934.4 944.8 954.4 961.6 968 971.2 972.8 973.6 971.2 981.6 995.2 1011.2 1040 1071.2 1087.2
230.4 234.4 241.6 248.8 258.4 270.4 282.4 298.4 316 335.2 354.4 373.6 394.4 409.6 425.6 449.6 464.8 462.4 452 463.2 474.4 475.2 488.8 513.6 543.2 568 586.4 602.4 620 644.8 684 717.6 741.6 751.2 765.6 793.6 804.8 820.8 839.2 852.8 868 855.2 845.6 843.2 852 859.2 858.4 847.2 840.8 837.6 834.4 826.4 824 827.2 835.2 845.6 861.6 876 884 884.8 884 888.8 896 906.4 920.8 935.2 947.2 956.8 967.2 976 982.4 984.8 982.4 983.2 985.6 988.8 998.4 1013.6 1032.8 1052.8 1072.8
228 232.8 239.2 245.6 254.4 266.4 278.4 292 308 324 344.8 366.4 388 401.6 416.8 433.6 444 435.2 435.2 449.6 455.2 468 494.4 527.2 552.8 572.8 596.8 616 633.6 650.4 680 713.6 722.4 734.4 764 777.6 788 808.8 828 847.2 845.6 829.6 822.4 825.6 836 846.4 839.2 828.8 820.8 818.4 815.2 811.2 810.4 814.4 826.4 844 862.4 877.6 890.4 900.8 910.4 916 924 932.8 942.4 951.2 960 968.8 975.2 981.6 988.8 992 991.2 991.2 997.6 1002.4 1004.8 1012.8 1026.4 1042.4 1060.8
227.2 232 236.8 244 252 262.4 274.4 285.6 299.2 316 335.2 354.4 370.4 387.2 408 422.4 416 406.4 415.2 435.2 456 478.4 505.6 535.2 559.2 584.8 605.6 621.6 639.2 656 678.4 692 702.4 729.6 752.8 757.6 774.4 796.8 820.8 832 817.6 807.2 805.6 810.4 820.8 828 822.4 812.8 803.2 800 798.4 796.8 797.6 805.6 822.4 842.4 860 872 882.4 896.8 912 928 943.2 957.6 967.2 972.8 976 980 984 986.4 994.4 997.6 1000.8 1001.6 1008 1013.6 1013.6 1015.2 1021.6 1031.2 1045.6
226.4 231.2 236 242.4 249.6 258.4 270.4 280 292.8 308 326.4 343.2 359.2 379.2 400.8 400 388 400 423.2 447.2 466.4 490.4 511.2 537.6 564.8 588 601.6 620 639.2 653.6 663.2 667.2 692 715.2 728.8 748 772 796 811.2 808.8 792 785.6 789.6 796 809.6 811.2 801.6 795.2 786.4 783.2 781.6 781.6 787.2 799.2 818.4 833.6 846.4 857.6 868.8 885.6 906.4 925.6 941.6 962.4 979.2 994.4 997.6 995.2 995.2 996.8 999.2 1003.2 1004.8 1005.6 1011.2 1012.8 1012 1015.2 1019.2 1023.2 1030.4
225.6 229.6 233.6 239.2 247.2 254.4 266.4 276 288.8 304 317.6 334.4 351.2 366.4 372 381.6 395.2 419.2 440 451.2 468 490.4 509.6 529.6 551.2 568 579.2 602.4 624 636 647.2 664 686.4 708 725.6 748.8 779.2 797.6 800.8 780 768.8 767.2 773.6 777.6 785.6 784.8 779.2 776 771.2 768 767.2 769.6 778.4 792 805.6 816 831.2 846.4 862.4 880 896.8 916 932 952 969.6 988.8 1004.8 1012 1012 1011.2 1009.6 1009.6 1007.2 1004.8 1005.6 1008 1011.2 1016.8 1020.8 1021.6 1024
224.8 228.8 232.8 238.4 246.4 252 263.2 274.4 286.4 300 312 327.2 339.2 345.6 364 386.4 408 425.6 431.2 444.8 462.4 478.4 496.8 512.8 532 546.4 565.6 593.6 606.4 623.2 647.2 666.4 682.4 695.2 717.6 744 772.8 774.4 760.8 754.4 750.4 752.8 760.8 763.2 764.8 763.2 761.6 758.4 755.2 755.2 756 760 768.8 781.6 792 808.8 825.6 842.4 857.6 876 893.6 908.8 924 941.6 962.4 983.2 1003.2 1020.8 1031.2 1035.2 1030.4 1024 1020.8 1014.4 1013.6 1012 1012.8 1020 1023.2 1024 1024.8
224.8 228.8 232.8 238.4 245.6 251.2 260.8 272.8 283.2 296.8 307.2 316 325.6 344 366.4 384.8 399.2 406.4 418.4 435.2 453.6 464.8 481.6 495.2 520.8 540 556.8 574.4 596 616.8 635.2 652 672 701.6 716.8 737.6 751.2 747.2 737.6 736 733.6 737.6 745.6 746.4 747.2 747.2 744.8 741.6 740 741.6 744 748.8 757.6 768 788 808 825.6 841.6 856 870.4 888.8 905.6 921.6 936 955.2 977.6 996 1015.2 1032.8 1048.8 1052.8 1049.6 1044.8 1032 1024.8 1020.8 1017.6 1020.8 1024 1024 1027.2
224.8 228.8 234.4 239.2 245.6 251.2 260.8 272.8 284.8 294.4 300.8 308.8 323.2 340 358.4 373.6 381.6 391.2 407.2 426.4 440.8 454.4 466.4 488.8 513.6 533.6 548 564.8 589.6 604.8 624.8 644.8 677.6 694.4 700 720.8 732 725.6 718.4 718.4 718.4 720.8 728 732 732 730.4 725.6 723.2 721.6 723.2 728 738.4 752 770.4 787.2 808 826.4 842.4 858.4 875.2 891.2 906.4 925.6 942.4 961.6 981.6 997.6 1013.6 1032 1049.6 1064.8 1065.6 1060.8 1048 1036 1028.8 1024 1023.2 1024.8 1024.8 1027.2
225.6 229.6 235.2 240 246.4 253.6 265.6 275.2 283.2 290.4 295.2 304 316.8 332 347.2 358.4 365.6 380.8 400.8 418.4 434.4 452 468.8 488.8 511.2 528.8 548.8 565.6 584.8 604 624 641.6 661.6 674.4 678.4 699.2 708 703.2 700 701.6 704 704 710.4 716 717.6 712.8 706.4 704.8 704 704.8 715.2 735.2 756 776.8 796 815.2 828 844 860 876.8 892.8 909.6 929.6 949.6 968 985.6 1002.4 1019.2 1036.8 1049.6 1054.4 1056.8 1060 1062.4 1054.4 1045.6 1038.4 1034.4 1032 1029.6 1029.6
225.6 230.4 235.2 240.8 247.2 255.2 265.6 272 278.4 283.2 289.6 298.4 311.2 324.8 336.8 346.4 360 380 396 412.8 432.8 452.8 472.8 494.4 515.2 530.4 546.4 568 584.8 596.8 611.2 624.8 640.8 650.4 660 682.4 688 684 682.4 685.6 688.8 691.2 696 700 699.2 693.6 688 688 687.2 695.2 715.2 739.2 760 779.2 795.2 814.4 827.2 845.6 862.4 876.8 892 908.8 928 948 968 986.4 1004 1021.6 1032.8 1032 1033.6 1038.4 1048.8 1063.2 1072.8 1070.4 1062.4 1055.2 1044 1035.2 1033.6
226.4 230.4 235.2 240 246.4 253.6 261.6 268 272.8 277.6 284.8 294.4 304.8 316.8 329.6 343.2 359.2 373.6 389.6 406.4 424 443.2 463.2 488 510.4 532 548 563.2 568.8 576.8 591.2 604 616 628.8 647.2 667.2 667.2 665.6 667.2 671.2 674.4 677.6 682.4 684.8 681.6 676 672 670.4 672.8 692.8 716.8 740 752 764.8 788 807.2 826.4 841.6 852.8 870.4 889.6 907.2 925.6 944.8 966.4 985.6 1000 1014.4 1014.4 1012 1015.2 1024.8 1039.2 1055.2 1072 1082.4 1086.4 1081.6 1066.4 1056 1052.8
227.2 230.4 234.4 239.2 244.8 249.6 255.2 263.2 268.8 273.6 280.8 289.6 298.4 309.6 324.8 339.2 352 367.2 382.4 400 415.2 432 454.4 475.2 496 514.4 528.8 545.6 548 560 571.2 584.8 598.4 620.8 644 652 648.8 648 653.6 657.6 660.8 666.4 672.8 674.4 665.6 660 656 652 666.4 687.2 709.6 728.8 754.4 776 792.8 812 829.6 840.8 854.4 870.4 889.6 908 927.2 945.6 960.8 972 985.6 996 994.4 993.6 1000.8 1015.2 1031.2 1047.2 1065.6 1080.8 1092 1093.6 1089.6 1083.2 1083.2
227.2 230.4 233.6 238.4 243.2 248.8 253.6 260 264 268.8 276 284.8 292.8 304.8 319.2 331.2 344.8 359.2 376 392 407.2 422.4 444.8 462.4 480 494.4 506.4 518.4 532 549.6 564 581.6 601.6 623.2 638.4 634.4 628.8 633.6 639.2 644 649.6 656.8 660.8 659.2 649.6 640.8 635.2 641.6 658.4 680.8 705.6 728 746.4 763.2 795.2 820.8 843.2 856.8 869.6 881.6 896 912.8 929.6 940.8 945.6 952 965.6 979.2 978.4 980.8 992.8 1008 1023.2 1040.8 1055.2 1064 1071.2 1075.2 1084 1090.4 1096.8
228 230.4 233.6 237.6 244 248 252 256.8 260 266.4 273.6 280 288 300 313.6 325.6 338.4 352.8 368.8 384.8 400 412.8 428 446.4 461.6 476 489.6 504.8 527.2 550.4 572 588.8 604 616 623.2 614.4 616 621.6 627.2 632 640.8 652 652.8 641.6 629.6 620.8 620.8 633.6 652.8 676.8 701.6 720.8 736.8 762.4 800.8 823.2 843.2 860 876.8 890.4 904.8 920 927.2 923.2 924.8 935.2 948.8 959.2 962.4 972.8 988 1001.6 1015.2 1031.2 1043.2 1041.6 1048.8 1056 1068 1080 1090.4
227.2 230.4 233.6 237.6 243.2 247.2 250.4 253.6 258.4 264 268.8 274.4 283.2 294.4 306.4 319.2 332 346.4 361.6 377.6 391.2 404.8 417.6 434.4 452 466.4 484.8 509.6 536.8 557.6 575.2 588 596 602.4 607.2 601.6 605.6 612 616.8 620.8 634.4 652 636.8 620 609.6 605.6 616.8 633.6 650.4 672 695.2 712 734.4 768.8 805.6 827.2 842.4 862.4 880 890.4 901.6 912.8 906.4 903.2 908.8 923.2 935.2 939.2 947.2 964.8 981.6 996 1007.2 1016.8 1025.6 1026.4 1031.2 1042.4 1054.4 1068.8 1079.2
227.2 230.4 233.6 236.8 241.6 245.6 248.8 252 256.8 260.8 263.2 268.8 278.4 289.6 300.8 312.8 326.4 341.6 354.4 370.4 384 398.4 411.2 427.2 445.6 460.8 480.8 506.4 536 554.4 571.2 577.6 581.6 588 593.6 591.2 594.4 601.6 607.2 612.8 625.6 618.4 608.8 599.2 592 598.4 616.8 632.8 647.2 664.8 683.2 704.8 727.2 761.6 803.2 840 845.6 850.4 870.4 872.8 880.8 889.6 888 885.6 899.2 912.8 920.8 923.2 937.6 954.4 971.2 986.4 994.4 998.4 1007.2 1012 1020 1030.4 1044.8 1060 1065.6
226.4 229.6 232.8 236 240 243.2 246.4 249.6 253.6 256.8 260 265.6 276 286.4 297.6 308.8 322.4 336 348 362.4 379.2 398.4 411.2 424 440 456.8 472.8 496.8 525.6 552 566.4 564.8 568 574.4 583.2 582.4 584 590.4 596 601.6 600 594.4 588.8 581.6 579.2 594.4 615.2 628.8 641.6 660 678.4 696 716.8 747.2 786.4 829.6 832 828 842.4 852.8 863.2 868 867.2 871.2 888 900 903.2 912 928 944 960 976 980.8 983.2 989.6 996 1008.8 1024 1040.8 1049.6 1049.6
226.4 229.6 232.8 235.2 238.4 241.6 244 247.2 251.2 254.4 258.4 265.6 274.4 284.8 296 307.2 318.4 331.2 343.2 356.8 376.8 393.6 405.6 419.2 433.6 449.6 471.2 494.4 521.6 540.8 548 552.8 558.4 564.8 576 571.2 571.2 576 582.4 584 580.8 575.2 571.2 564 569.6 590.4 610.4 623.2 638.4 657.6 673.6 692 711.2 737.6 767.2 796 803.2 811.2 828 837.6 844 849.6 848.8 860.8 877.6 886.4 888.8 900.8 919.2 934.4 948.8 960 963.2 964.8 972 984.8 1001.6 1019.2 1031.2 1033.6 1035.2
227.2 229.6 232 234.4 236.8 240 242.4 245.6 249.6 252 257.6 265.6 274.4 284 294.4 304.8 313.6 325.6 336.8 347.2 368.8 384.8 398.4 415.2 431.2 450.4 471.2 491.2 510.4 516.8 525.6 541.6 549.6 556 560 556.8 556 559.2 565.6 565.6 561.6 557.6 553.6 550.4 565.6 584.8 603.2 620.8 635.2 650.4 663.2 678.4 700 727.2 748.8 766.4 776 806.4 814.4 818.4 829.6 834.4 835.2 853.6 869.6 876 877.6 892 908 922.4 934.4 943.2 944 948.8 964.8 982.4 996.8 1012 1016 1017.6 1022.4
227.2 229.6 232 234.4 236 239.2 242.4 244.8 248.8 252 257.6 264.8 273.6 282.4 293.6 303.2 309.6 320 332 344 360.8 377.6 397.6 416 434.4 448 464 480.8 497.6 504.8 515.2 529.6 538.4 542.4 541.6 540 538.4 540.8 548 548.8 545.6 542.4 536 545.6 564 583.2 603.2 618.4 628 638.4 651.2 666.4 685.6 708.8 730.4 745.6 770.4 795.2 792.8 803.2 816.8 818.4 828 846.4 860 864 867.2 880.8 892.8 905.6 915.2 922.4 929.6 943.2 964.8 980.8 990.4 993.6 999.2 1003.2 1011.2
228.8 231.2 233.6 235.2 237.6 240 242.4 244.8 248 252 257.6 264 272 280.8 290.4 300 306.4 315.2 328.8 340.8 354.4 374.4 392.8 409.6 425.6 439.2 454.4 468 484.8 496 507.2 517.6 524 523.2 519.2 517.6 521.6 524.8 532.8 536 532.8 527.2 524.8 545.6 564.8 585.6 602.4 612 616.8 626.4 640.8 656 672 692.8 715.2 736 754.4 772.8 776.8 791.2 802.4 805.6 820 836 844.8 847.2 855.2 868.8 880.8 889.6 897.6 908 924.8 944.8 961.6 972.8 973.6 980 986.4 992 1000.8
230.4 232 234.4 236.8 238.4 240.8 242.4 244.8 248.8 252.8 257.6 264 271.2 280 288 296 302.4 311.2 325.6 338.4 351.2 369.6 387.2 401.6 418.4 431.2 445.6 458.4 474.4 488 497.6 505.6 508.8 506.4 502.4 501.6 504.8 510.4 516.8 521.6 520.8 513.6 525.6 547.2 564.8 581.6 593.6 596.8 603.2 614.4 629.6 644.8 660 678.4 696.8 712.8 735.2 750.4 764.8 778.4 787.2 794.4 808.8 821.6 828.8 832.8 844 856 867.2 876.8 884.8 899.2 916.8 936 948 952.8 960 969.6 974.4 981.6 988.8
232 232.8 235.2 237.6 240 241.6 243.2 245.6 248.8 252.8 256.8 263.2 270.4 277.6 284.8 291.2 298.4 308.8 322.4 334.4 348.8 364.8 380.8 395.2 412 425.6 440 449.6 465.6 478.4 486.4 492 494.4 492 487.2 488 491.2 496 498.4 506.4 506.4 505.6 524 545.6 558.4 570.4 576.8 580.8 592 606.4 618.4 632.8 648.8 664 680 701.6 720 733.6 751.2 760 768.8 780 796 806.4 814.4 821.6 833.6 843.2 853.6 864.8 877.6 891.2 905.6 921.6 934.4 941.6 950.4 956.8 962.4 970.4 974.4
234.4 232.8 235.2 237.6 240 242.4 244.8 246.4 249.6 252.8 256.8 263.2 269.6 276 281.6 288.8 296.8 306.4 317.6 330.4 345.6 360.8 375.2 390.4 407.2 421.6 434.4 442.4 453.6 464.8 472 476.8 478.4 476.8 473.6 475.2 476.8 479.2 481.6 491.2 496 502.4 520 536 543.2 553.6 564 576.8 591.2 602.4 616.8 628 642.4 658.4 674.4 692.8 706.4 719.2 737.6 745.6 757.6 771.2 781.6 792 801.6 812 824.8 834.4 844 855.2 869.6 882.4 894.4 908.8 920.8 933.6 940.8 944.8 948.8 954.4 958.4
237.6 233.6 235.2 237.6 240.8 244 246.4 248 250.4 253.6 258.4 263.2 269.6 275.2 280.8 287.2 295.2 304 313.6 328 342.4 356.8 370.4 385.6 404 417.6 428 434.4 440.8 448 454.4 459.2 461.6 460.8 460 460 459.2 464.8 471.2 478.4 492 503.2 513.6 526.4 540 554.4 565.6 580 596 613.6 628 636.8 644.8 656 668 681.6 695.2 708 724 737.6 748 764 775.2 786.4 797.6 804.8 815.2 825.6 832.8 842.4 856.8 869.6 882.4 896 910.4 924 929.6 932.8 936.8 941.6 945.6
242.4 236 234.4 236.8 240.8 244.8 247.2 248.8 251.2 254.4 259.2 264.8 270.4 276 280.8 287.2 294.4 303.2 312.8 326.4 340 354.4 367.2 382.4 400 412 417.6 422.4 428 432.8 438.4 441.6 444 443.2 444 444 448 456 464.8 471.2 489.6 505.6 512.8 526.4 544 560 572.8 588.8 604 619.2 635.2 646.4 656 666.4 676 686.4 696.8 707.2 717.6 733.6 748.8 763.2 774.4 784 792 797.6 808 816.8 824 835.2 847.2 859.2 871.2 885.6 900.8 913.6 920 922.4 925.6 931.2 935.2
248 241.6 236.8 236.8 241.6 244.8 247.2 250.4 252.8 255.2 260 264.8 271.2 276.8 281.6 288 296 304 312.8 325.6 338.4 352.8 365.6 378.4 391.2 399.2 403.2 408 415.2 420 424.8 428 428 426.4 428 434.4 443.2 450.4 462.4 479.2 495.2 509.6 520 532 548.8 564 578.4 594.4 607.2 622.4 637.6 652 667.2 680 689.6 699.2 709.6 719.2 724 732.8 747.2 761.6 771.2 780.8 790.4 799.2 807.2 812 820 830.4 841.6 852.8 864.8 879.2 892 902.4 911.2 915.2 919.2 924 927.2
256 248 243.2 239.2 241.6 245.6 248 251.2 254.4 257.6 260.8 265.6 271.2 276 281.6 288.8 296.8 304.8 313.6 324 336 350.4 362.4 372 379.2 384 388 393.6 400.8 408 412.8 416 416 413.6 420 432 441.6 457.6 475.2 488.8 502.4 513.6 523.2 534.4 549.6 566.4 581.6 596 608.8 624.8 639.2 655.2 672.8 686.4 697.6 708.8 722.4 733.6 740.8 744.8 752 761.6 772 782.4 791.2 800 806.4 812 820 828.8 840 852 862.4 873.6 885.6 898.4 909.6 912.8 913.6 917.6 920.8
262.4 253.6 248 243.2 241.6 244.8 248 252 255.2 258.4 261.6 265.6 270.4 274.4 280.8 288.8 296.8 304.8 312.8 322.4 332.8 344.8 356.8 364.8 368.8 371.2 374.4 378.4 385.6 392.8 400 404 404.8 411.2 422.4 436.8 453.6 468.8 482.4 495.2 506.4 516 524.8 534.4 548.8 566.4 582.4 596.8 612.8 631.2 647.2 662.4 677.6 688 701.6 716 730.4 742.4 748 751.2 756 762.4 770.4 779.2 788.8 798.4 805.6 812 821.6 833.6 843.2 851.2 859.2 869.6 882.4 893.6 906.4 911.2 908.8 912 915.2
268 258.4 252 247.2 244 244.8 248.8 252 255.2 258.4 262.4 266.4 269.6 273.6 280 287.2 295.2 303.2 311.2 319.2 329.6 340 349.6 354.4 355.2 356.8 360.8 365.6 370.4 376.8 386.4 391.2 400.8 415.2 430.4 445.6 463.2 479.2 492.8 504 511.2 518.4 528 538.4 550.4 566.4 581.6 596.8 614.4 638.4 657.6 676.8 691.2 700 714.4 726.4 738.4 747.2 751.2 754.4 759.2 765.6 773.6 780.8 788 797.6 804.8 812.8 823.2 834.4 841.6 848 855.2 865.6 876.8 888 897.6 903.2 904 905.6 910.4
