files/test_files/ascii_files/ascii_to_fds/dem.asc
ncols         250
nrows         150
xllcorner     0.00
yllcorner     0.00
cellsize      20
NODATA_value  -1
[rows 72 to 107 of 150, columns 0 to 80 of 250]
81.6 71.2 60 49.6 40 32 25.6 20.8 20 20 18.4 16.8 16.8 16.8 16.8 19.2 20.8 24 25.6 26.4 27.2 27.2 26.4 26.4 26.4 26.4 26.4 26.4 27.2 28.8 30.4 32 34.4 36 36.8 41.6 55.2 68.8 81.6 91.2 100 109.6 120 132.8 145.6 159.2 174.4 190.4 205.6 221.6 236 248 259.2 271.2 280.8 288.8 298.4 306.4 315.2 328 336.8 341.6 345.6 350.4 354.4 355.2 349.6 346.4 348 350.4 352.8 356 360 367.2 369.6 373.6 380 385.6 390.4 389.6 383.2
80 68.8 59.2 49.6 40.8 32.8 26.4 23.2 20.8 20 17.6 16.8 16.8 16.8 17.6 19.2 21.6 24.8 27.2 28 28 28 28 27.2 27.2 27.2 27.2 27.2 28 28.8 29.6 32 34.4 35.2 36.8 40 50.4 63.2 76 87.2 96 106.4 116.8 128.8 143.2 156 169.6 186.4 200.8 216 229.6 242.4 253.6 264.8 276 285.6 295.2 304 312 322.4 332 339.2 342.4 347.2 346.4 343.2 335.2 330.4 333.6 336 336.8 340.8 348 356 355.2 360 367.2 370.4 376.8 373.6 364.8
80.8 68.8 58.4 49.6 40.8 33.6 28.8 25.6 22.4 19.2 17.6 17.6 16.8 17.6 17.6 20 23.2 26.4 28 28.8 28.8 28.8 28 28 28 27.2 28 28 28.8 28.8 29.6 32 34.4 36 36.8 38.4 44.8 57.6 70.4 81.6 92 102.4 112.8 125.6 139.2 152 165.6 181.6 196 209.6 223.2 236 248 258.4 270.4 280.8 290.4 300.8 307.2 315.2 325.6 332.8 333.6 334.4 332 328.8 320.8 312.8 320.8 321.6 320.8 325.6 333.6 338.4 339.2 346.4 352 353.6 357.6 357.6 345.6
77.6 66.4 56.8 48.8 40.8 36 31.2 27.2 23.2 19.2 17.6 17.6 17.6 18.4 18.4 20.8 24 27.2 28.8 28.8 28.8 28.8 28.8 28.8 28 28 28 28.8 28.8 29.6 30.4 32 34.4 36 36.8 37.6 40.8 51.2 64 76 86.4 97.6 108.8 121.6 135.2 148 160.8 176 190.4 203.2 216 229.6 241.6 252 263.2 274.4 284 292.8 300.8 309.6 319.2 323.2 319.2 317.6 314.4 312.8 304.8 299.2 303.2 305.6 306.4 311.2 320 322.4 326.4 334.4 333.6 332.8 332.8 334.4 328
71.2 63.2 56 48 42.4 38.4 32.8 27.2 23.2 19.2 17.6 18.4 19.2 19.2 20 22.4 24.8 27.2 28.8 28.8 29.6 29.6 29.6 29.6 28.8 28.8 28.8 28.8 29.6 30.4 31.2 32.8 34.4 36 36.8 36.8 38.4 45.6 56.8 69.6 80 90.4 104 116.8 130.4 142.4 155.2 170.4 184 196 208 221.6 233.6 244 255.2 266.4 276 284 292 300.8 308 309.6 301.6 294.4 294.4 293.6 288 284 286.4 290.4 292.8 296.8 300.8 304 315.2 319.2 316.8 316.8 312 313.6 311.2
74.4 63.2 56 49.6 44 39.2 33.6 28 22.4 18.4 18.4 19.2 20 21.6 22.4 24 25.6 27.2 28 28.8 29.6 29.6 29.6 30.4 29.6 29.6 29.6 29.6 30.4 31.2 32 33.6 34.4 36 36.8 36.8 37.6 41.6 51.2 62.4 74.4 84.8 97.6 111.2 124.8 137.6 149.6 162.4 176.8 188.8 200 212 224.8 235.2 244.8 256 266.4 274.4 280.8 287.2 290.4 288 280.8 275.2 275.2 276 274.4 269.6 270.4 274.4 277.6 280 280.8 288 296.8 300 296.8 296.8 293.6 296 295.2
75.2 64 56 48.8 44 39.2 33.6 28 21.6 18.4 18.4 20 21.6 23.2 24.8 25.6 26.4 26.4 28 28.8 29.6 29.6 30.4 30.4 30.4 30.4 30.4 30.4 30.4 31.2 32 33.6 34.4 36 36.8 36.8 37.6 39.2 45.6 55.2 66.4 79.2 90.4 104 117.6 131.2 142.4 155.2 168.8 180.8 191.2 202.4 213.6 224.8 234.4 243.2 253.6 261.6 267.2 271.2 272 269.6 263.2 258.4 258.4 260.8 260 256 253.6 256.8 260 262.4 263.2 270.4 276 279.2 277.6 273.6 276 280 278.4
78.4 65.6 56 47.2 42.4 37.6 32 27.2 21.6 18.4 19.2 20.8 22.4 24 26.4 28 28 27.2 28 28.8 28.8 29.6 30.4 30.4 31.2 31.2 31.2 31.2 31.2 32 32.8 33.6 35.2 36 36 36.8 37.6 37.6 41.6 49.6 58.4 70.4 83.2 96 109.6 123.2 134.4 146.4 160 172 182.4 192 202.4 213.6 223.2 232 240.8 248 251.2 252.8 254.4 251.2 245.6 240 241.6 245.6 245.6 241.6 235.2 239.2 244 245.6 246.4 252.8 256.8 258.4 256 252 256 260.8 259.2
80 66.4 56.8 47.2 40 35.2 30.4 26.4 21.6 19.2 19.2 20.8 23.2 25.6 27.2 28.8 28.8 28 28 28.8 29.6 29.6 30.4 31.2 31.2 31.2 31.2 32 32 32.8 33.6 34.4 35.2 36 36 36.8 36.8 37.6 39.2 44.8 52 62.4 74.4 86.4 100.8 113.6 125.6 136.8 150.4 160.8 172 180 190.4 201.6 210.4 220 227.2 232 234.4 233.6 236.8 234.4 228.8 221.6 224.8 229.6 230.4 226.4 219.2 224 229.6 232 233.6 238.4 240 238.4 234.4 235.2 238.4 241.6 240
80.8 67.2 57.6 48 40.8 35.2 29.6 25.6 22.4 19.2 20 21.6 23.2 25.6 28 28.8 28.8 28.8 28.8 28.8 29.6 30.4 30.4 31.2 31.2 31.2 32 32 32.8 32.8 33.6 34.4 35.2 36 36 36.8 36.8 37.6 37.6 40.8 47.2 55.2 65.6 77.6 90.4 103.2 115.2 126.4 136.8 145.6 155.2 166.4 179.2 188.8 196.8 204 210.4 214.4 214.4 214.4 218.4 216 209.6 205.6 209.6 213.6 214.4 212 208 211.2 214.4 216 216.8 221.6 222.4 219.2 216 219.2 222.4 225.6 223.2
80.8 67.2 57.6 48 40.8 34.4 28.8 26.4 22.4 21.6 20.8 21.6 24 26.4 28 28.8 28.8 29.6 29.6 29.6 29.6 30.4 31.2 31.2 32 32 32 32 32.8 33.6 33.6 34.4 35.2 36 36 36.8 36.8 37.6 37.6 38.4 43.2 49.6 57.6 68 80 90.4 102.4 112.8 120.8 129.6 142.4 153.6 165.6 175.2 183.2 188 192.8 196 195.2 195.2 196.8 195.2 190.4 189.6 195.2 198.4 200.8 199.2 194.4 197.6 199.2 198.4 200 203.2 204 200.8 200.8 204 207.2 209.6 207.2
81.6 68 58.4 48.8 40.8 35.2 29.6 26.4 24.8 23.2 22.4 23.2 24.8 26.4 28 28.8 28.8 29.6 29.6 29.6 30.4 30.4 31.2 31.2 32 32 32.8 32.8 32.8 33.6 34.4 34.4 35.2 36 36 36.8 36.8 37.6 37.6 38.4 40 45.6 52 60 68.8 77.6 88.8 99.2 108.8 118.4 128.8 138.4 148.8 159.2 168.8 176 179.2 180.8 179.2 176 180 178.4 174.4 174.4 180 184 186.4 185.6 178.4 181.6 184.8 184 182.4 185.6 185.6 182.4 185.6 188 192 193.6 190.4
85.6 70.4 60.8 50.4 41.6 35.2 28.8 26.4 25.6 24.8 24 24 25.6 27.2 28 28.8 28.8 29.6 29.6 30.4 30.4 31.2 31.2 31.2 32 32 32.8 32.8 33.6 33.6 34.4 34.4 35.2 36 36 36.8 36.8 37.6 37.6 38.4 39.2 41.6 47.2 52.8 58.4 67.2 78.4 88 97.6 105.6 114.4 124 132.8 140.8 148 154.4 160 163.2 163.2 157.6 158.4 160 159.2 160 164.8 168 169.6 168.8 164 166.4 169.6 169.6 167.2 168.8 168 166.4 170.4 172.8 176.8 178.4 175.2
90.4 72.8 62.4 51.2 41.6 34.4 28 26.4 26.4 25.6 24.8 24.8 26.4 27.2 28 28.8 28.8 29.6 29.6 30.4 30.4 31.2 31.2 32 32 32 32.8 32.8 33.6 33.6 34.4 35.2 35.2 36 36 36.8 36.8 37.6 37.6 38.4 38.4 40 44 48 53.6 60 68 76 84 92 100 108.8 117.6 125.6 131.2 136 140.8 143.2 144 140.8 142.4 144 144 145.6 149.6 152 152.8 152 149.6 148.8 152.8 156 152 154.4 153.6 152.8 156 159.2 163.2 164.8 164
93.6 74.4 62.4 51.2 40.8 32 27.2 26.4 25.6 25.6 25.6 25.6 26.4 27.2 28 28.8 28.8 29.6 29.6 30.4 30.4 31.2 31.2 32 32 32.8 32.8 33.6 33.6 34.4 34.4 35.2 35.2 36 36.8 36.8 37.6 37.6 38.4 38.4 39.2 39.2 42.4 45.6 49.6 54.4 60 65.6 72.8 80 86.4 93.6 100.8 109.6 116 121.6 124.8 126.4 125.6 124.8 128.8 130.4 129.6 132 135.2 137.6 138.4 136.8 133.6 132.8 138.4 140 134.4 137.6 139.2 140.8 143.2 146.4 149.6 151.2 150.4
96 75.2 62.4 51.2 40 30.4 27.2 26.4 25.6 25.6 25.6 25.6 26.4 28 28 28.8 28.8 29.6 29.6 30.4 30.4 31.2 31.2 32 32 32.8 32.8 33.6 33.6 34.4 34.4 35.2 36 36 36.8 37.6 37.6 38.4 39.2 39.2 40 40 40.8 44 47.2 51.2 55.2 59.2 63.2 68 73.6 80 86.4 92.8 100 105.6 110.4 112.8 112.8 112 115.2 116.8 115.2 119.2 120.8 122.4 123.2 121.6 118.4 119.2 123.2 124.8 121.6 122.4 123.2 126.4 129.6 133.6 136 137.6 138.4
100 77.6 64.8 53.6 42.4 32 27.2 26.4 26.4 26.4 26.4 26.4 27.2 28 28 28 28.8 28.8 29.6 29.6 30.4 31.2 31.2 32 32 32.8 32.8 33.6 33.6 34.4 35.2 35.2 36 36.8 36.8 37.6 38.4 39.2 40 40.8 40.8 40.8 40.8 41.6 44.8 48 52 55.2 57.6 60.8 64.8 69.6 74.4 78.4 84 89.6 94.4 98.4 98.4 98.4 102.4 103.2 102.4 104.8 106.4 107.2 108 107.2 104 104.8 109.6 110.4 108.8 110.4 115.2 117.6 119.2 120.8 121.6 124 127.2
106.4 83.2 68 56 44.8 33.6 27.2 26.4 26.4 26.4 26.4 26.4 27.2 28 28 28 28.8 28.8 29.6 29.6 30.4 31.2 31.2 32 32 32.8 32.8 33.6 34.4 34.4 35.2 36 36 36.8 37.6 38.4 39.2 39.2 40.8 41.6 42.4 42.4 42.4 42.4 43.2 45.6 48.8 52 54.4 56.8 59.2 62.4 65.6 68.8 72 76.8 80.8 84 85.6 86.4 89.6 89.6 88.8 92 92.8 93.6 93.6 92.8 92 95.2 98.4 97.6 97.6 100.8 105.6 108.8 109.6 110.4 112 116 120
108.8 85.6 69.6 58.4 46.4 36 28 26.4 26.4 26.4 26.4 26.4 27.2 27.2 28 28 28.8 28.8 29.6 29.6 30.4 30.4 31.2 32 32 32.8 33.6 33.6 34.4 35.2 35.2 36 36.8 36.8 37.6 38.4 39.2 40 41.6 43.2 44 44 44.8 44 44 44.8 46.4 48.8 51.2 52.8 55.2 56.8 60 62.4 64.8 68 70.4 72.8 74.4 76.8 78.4 77.6 76.8 77.6 79.2 80 80.8 80 79.2 84 86.4 88 90.4 93.6 98.4 100.8 101.6 102.4 104.8 109.6 112.8
112 87.2 71.2 59.2 47.2 36.8 28.8 25.6 25.6 25.6 26.4 26.4 26.4 27.2 28 28 28.8 28.8 29.6 29.6 30.4 31.2 31.2 32 32 32.8 33.6 34.4 34.4 35.2 36 36 36.8 37.6 38.4 38.4 39.2 40.8 42.4 44 45.6 46.4 47.2 47.2 47.2 46.4 45.6 46.4 48 49.6 51.2 52.8 54.4 56.8 59.2 60.8 63.2 65.6 67.2 68.8 69.6 69.6 69.6 70.4 69.6 69.6 70.4 71.2 72 74.4 77.6 80.8 84.8 88.8 92 94.4 95.2 96.8 100 104 106.4
114.4 88.8 72 59.2 48 37.6 29.6 25.6 24.8 25.6 25.6 25.6 26.4 26.4 27.2 28 28 28.8 28.8 29.6 30.4 30.4 31.2 32 32.8 32.8 33.6 34.4 35.2 36 36 36.8 37.6 37.6 38.4 39.2 40 41.6 44 45.6 48 48.8 49.6 49.6 49.6 49.6 48.8 47.2 47.2 47.2 48 48.8 49.6 50.4 52 53.6 55.2 57.6 59.2 60.8 61.6 61.6 60.8 60.8 61.6 62.4 63.2 65.6 67.2 69.6 72 73.6 76 80.8 85.6 88.8 90.4 92 95.2 97.6 100
114.4 88 71.2 59.2 48 37.6 29.6 24.8 24.8 24.8 25.6 25.6 26.4 26.4 27.2 27.2 28 28 28.8 29.6 29.6 30.4 31.2 32 32.8 32.8 33.6 34.4 35.2 36 36.8 37.6 37.6 38.4 39.2 40 41.6 43.2 45.6 48 49.6 51.2 52.8 53.6 54.4 53.6 53.6 52 51.2 49.6 48.8 48.8 48.8 49.6 49.6 50.4 51.2 50.4 54.4 56.8 57.6 57.6 57.6 59.2 61.6 62.4 63.2 64.8 66.4 68 69.6 69.6 70.4 72.8 77.6 81.6 84.8 88 91.2 92.8 94.4
114.4 87.2 71.2 59.2 48 38.4 28.8 24.8 24.8 24.8 25.6 25.6 25.6 26.4 27.2 27.2 28 28 28.8 28.8 29.6 30.4 31.2 31.2 32 32.8 33.6 34.4 35.2 36 36.8 37.6 38.4 39.2 39.2 40.8 43.2 46.4 48 49.6 52.8 56 58.4 60 60.8 60.8 60.8 60 59.2 58.4 56.8 57.6 59.2 59.2 56.8 57.6 59.2 60.8 61.6 61.6 61.6 60.8 61.6 67.2 69.6 71.2 72.8 72.8 72 72.8 72.8 71.2 68.8 68.8 71.2 76 80 84 87.2 88.8 88.8
113.6 88 71.2 59.2 48.8 40 30.4 24.8 24.8 24.8 25.6 25.6 25.6 26.4 26.4 27.2 27.2 28 28 28.8 29.6 30.4 30.4 31.2 32 32.8 33.6 34.4 35.2 36 36.8 37.6 38.4 39.2 40 42.4 46.4 48.8 52 54.4 58.4 61.6 64.8 66.4 68 68.8 69.6 69.6 69.6 69.6 68.8 68 69.6 68.8 66.4 68 70.4 71.2 72 71.2 71.2 71.2 70.4 74.4 77.6 80 82.4 82.4 80.8 80.8 80 78.4 76 74.4 72.8 72.8 76 80 82.4 84 83.2
112.8 88.8 70.4 58.4 48.8 39.2 31.2 25.6 24.8 24.8 24.8 25.6 25.6 26.4 26.4 27.2 27.2 28 28 28.8 29.6 29.6 30.4 31.2 32 32.8 33.6 34.4 35.2 36 36.8 37.6 38.4 39.2 40.8 45.6 49.6 55.2 59.2 62.4 65.6 69.6 72.8 74.4 76 77.6 78.4 79.2 80.8 80.8 80 77.6 79.2 79.2 75.2 77.6 81.6 83.2 84 83.2 82.4 81.6 80 83.2 85.6 88.8 91.2 92.8 90.4 89.6 88.8 87.2 84.8 83.2 80 76.8 75.2 75.2 78.4 80 80.8
108 86.4 69.6 58.4 48.8 39.2 32 27.2 24.8 24.8 24.8 24.8 25.6 25.6 26.4 26.4 27.2 27.2 28 28.8 29.6 29.6 30.4 31.2 32 32.8 33.6 34.4 35.2 36 36.8 36.8 37.6 39.2 42.4 48 56 64 71.2 74.4 76 79.2 82.4 84 86.4 88.8 91.2 95.2 95.2 95.2 93.6 89.6 92 92 87.2 88.8 94.4 96.8 95.2 95.2 94.4 92.8 89.6 92 93.6 95.2 96.8 97.6 96.8 96.8 96.8 95.2 93.6 92 90.4 87.2 84.8 82.4 82.4 84.8 87.2
99.2 81.6 68 58.4 49.6 40 33.6 28.8 25.6 24 24 24.8 25.6 25.6 25.6 26.4 27.2 27.2 28 28 28.8 29.6 30.4 30.4 31.2 32 32.8 33.6 34.4 35.2 36 36.8 37.6 39.2 44 52.8 64.8 75.2 83.2 86.4 88 90.4 93.6 97.6 100.8 104.8 108 109.6 110.4 110.4 110.4 105.6 105.6 104 100.8 101.6 108 108.8 106.4 105.6 104.8 102.4 97.6 98.4 100 101.6 102.4 103.2 104 104 102.4 101.6 100.8 100 98.4 96.8 94.4 92 93.6 95.2 96.8
97.6 79.2 66.4 58.4 51.2 42.4 35.2 30.4 26.4 24.8 24.8 24.8 24.8 25.6 25.6 26.4 26.4 27.2 28 28 28.8 29.6 30.4 30.4 31.2 32 32.8 33.6 34.4 34.4 35.2 36 36.8 40 47.2 59.2 73.6 85.6 92 97.6 101.6 103.2 105.6 111.2 115.2 117.6 120 121.6 122.4 122.4 121.6 120 118.4 116 112.8 112 118.4 118.4 116 116.8 115.2 111.2 106.4 106.4 108.8 109.6 109.6 111.2 113.6 112.8 111.2 109.6 109.6 108 107.2 104 99.2 100 105.6 105.6 105.6
94.4 78.4 65.6 58.4 52 43.2 36 30.4 26.4 25.6 24.8 24.8 25.6 25.6 25.6 26.4 26.4 27.2 27.2 28 28.8 29.6 30.4 30.4 31.2 32 32.8 33.6 34.4 34.4 35.2 35.2 36.8 41.6 51.2 64.8 80.8 92 101.6 110.4 116.8 119.2 118.4 124 129.6 132 135.2 136.8 137.6 137.6 135.2 135.2 133.6 130.4 127.2 125.6 130.4 130.4 128 128.8 126.4 119.2 117.6 117.6 120 120.8 121.6 123.2 124.8 123.2 121.6 120.8 120 118.4 116.8 113.6 108 110.4 116 116 115.2
89.6 75.2 65.6 59.2 51.2 43.2 36 29.6 25.6 24 24.8 24.8 25.6 25.6 26.4 26.4 27.2 27.2 27.2 28 28.8 29.6 30.4 31.2 31.2 32 32.8 33.6 34.4 34.4 34.4 35.2 36.8 44.8 54.4 69.6 85.6 99.2 110.4 121.6 128.8 134.4 135.2 138.4 145.6 151.2 153.6 154.4 154.4 153.6 150.4 150.4 149.6 147.2 144.8 140.8 144.8 145.6 142.4 142.4 139.2 132 132 131.2 133.6 134.4 135.2 136.8 136.8 134.4 132.8 132.8 131.2 128.8 127.2 124 121.6 123.2 128 126.4 124.8
84.8 72.8 64 57.6 49.6 42.4 36 29.6 26.4 24.8 24.8 25.6 25.6 25.6 26.4 26.4 27.2 27.2 28 28 28.8 29.6 30.4 31.2 32 32.8 33.6 33.6 34.4 34.4 35.2 35.2 40 48 58.4 73.6 89.6 104.8 117.6 128.8 140 147.2 152 152.8 159.2 166.4 169.6 169.6 169.6 168.8 165.6 166.4 166.4 164.8 162.4 158.4 157.6 159.2 156 154.4 152 150.4 150.4 148 150.4 151.2 151.2 150.4 149.6 146.4 144.8 143.2 141.6 140.8 138.4 136 134.4 133.6 139.2 138.4 136
82.4 72 64.8 57.6 49.6 42.4 35.2 30.4 26.4 24.8 25.6 25.6 25.6 26.4 26.4 26.4 27.2 27.2 28 28 28.8 29.6 30.4 31.2 32 32.8 33.6 33.6 34.4 35.2 35.2 36 44 53.6 63.2 76.8 92.8 108.8 122.4 136.8 149.6 158.4 164.8 169.6 172 182.4 189.6 189.6 187.2 185.6 182.4 186.4 187.2 186.4 181.6 177.6 171.2 172.8 171.2 169.6 167.2 167.2 166.4 165.6 166.4 164.8 164 164 161.6 159.2 156 154.4 153.6 154.4 152 148.8 146.4 144.8 150.4 150.4 148.8
80 71.2 64 57.6 49.6 41.6 35.2 29.6 26.4 24.8 24.8 25.6 25.6 26.4 26.4 26.4 27.2 27.2 28 28.8 29.6 29.6 30.4 31.2 32 32.8 33.6 34.4 35.2 35.2 36 39.2 48.8 58.4 68 80.8 97.6 112 127.2 142.4 156 167.2 178.4 188 191.2 195.2 209.6 211.2 208 204.8 201.6 208.8 210.4 211.2 203.2 195.2 185.6 188 189.6 184 182.4 184 182.4 182.4 181.6 180 180 177.6 174.4 171.2 168.8 166.4 166.4 168.8 167.2 164 159.2 160 164 164 159.2
78.4 68.8 61.6 54.4 48 40 34.4 28.8 26.4 24.8 25.6 25.6 25.6 26.4 26.4 26.4 27.2 28 28 28.8 29.6 30.4 31.2 32 32.8 33.6 34.4 35.2 35.2 36 36.8 43.2 54.4 63.2 73.6 86.4 102.4 116 131.2 146.4 161.6 176 189.6 202.4 211.2 214.4 224.8 228 228.8 227.2 221.6 225.6 231.2 232 226.4 215.2 204.8 206.4 208.8 198.4 203.2 202.4 201.6 200 198.4 197.6 196.8 192.8 189.6 185.6 181.6 178.4 180 181.6 180 177.6 176 176 181.6 180.8 172.8
76 68 60 52 44 37.6 32 28 25.6 25.6 25.6 26.4 26.4 26.4 26.4 27.2 27.2 28 28 28.8 29.6 30.4 31.2 32 32.8 33.6 34.4 35.2 36 36.8 38.4 48 59.2 68 78.4 92.8 108 120.8 134.4 151.2 166.4 184.8 200.8 216 230.4 232.8 240 248 251.2 251.2 244 244 249.6 249.6 244 230.4 225.6 226.4 226.4 214.4 220 218.4 222.4 216.8 216 214.4 212.8 207.2 204 201.6 197.6 191.2 195.2 194.4 192 191.2 192.8 192.8 199.2 196.8 188
73.6 66.4 59.2 50.4 41.6 34.4 29.6 26.4 25.6 25.6 26.4 26.4 26.4 27.2 27.2 27.2 27.2 28 28.8 29.6 30.4 31.2 32 32.8 33.6 34.4 35.2 36 36.8 37.6 39.2 51.2 62.4 72 83.2 97.6 113.6 128 141.6 156 173.6 192 211.2 229.6 248 254.4 258.4 264.8 268 268.8 264.8 261.6 267.2 265.6 259.2 247.2 246.4 246.4 244 230.4 236.8 237.6 240 237.6 236 232.8 230.4 224.8 216.8 217.6 217.6 208.8 211.2 210.4 210.4 208.8 207.2 209.6 217.6 217.6 211.2
