files/test_files/ascii_files/ascii_to_fds/dem.asc
ncols         250
nrows         150
xllcorner     0.00
yllcorner     0.00
cellsize      20
NODATA_value  -1
[rows 36 to 71 of 150, columns 0 to 80 of 250]
28.8 25.6 24 22.4 21.6 20.8 20 19.2 16.8 14.4 11.2 10.4 17.6 20 20.8 24.8 27.2 28 28 27.2 27.2 27.2 28 28 28.8 30.4 32.8 35.2 38.4 43.2 50.4 58.4 68 81.6 95.2 109.6 127.2 140.8 153.6 168.8 180 188 195.2 205.6 215.2 223.2 232.8 246.4 261.6 276 291.2 310.4 325.6 336 344.8 352 359.2 368 380.8 395.2 407.2 412.8 416.8 420.8 425.6 432.8 439.2 440 444 454.4 456.8 457.6 470.4 478.4 481.6 483.2 492 497.6 497.6 499.2 504.8
26.4 25.6 24.8 24 22.4 21.6 20.8 20 18.4 16 12 9.6 13.6 18.4 20.8 23.2 26.4 28 28.8 28 28 28 28.8 28.8 29.6 31.2 33.6 36 37.6 41.6 47.2 56 67.2 79.2 93.6 109.6 123.2 135.2 146.4 158.4 168.8 176 184.8 194.4 204 212 228.8 248 264 280 298.4 316.8 326.4 335.2 341.6 348 354.4 363.2 375.2 388.8 396.8 401.6 405.6 409.6 413.6 420 426.4 427.2 432.8 441.6 442.4 448.8 458.4 464 466.4 471.2 479.2 482.4 483.2 487.2 495.2
27.2 26.4 26.4 25.6 24.8 23.2 22.4 20.8 19.2 16.8 13.6 11.2 11.2 15.2 18.4 20 23.2 26.4 28 28.8 28.8 29.6 29.6 30.4 31.2 32 34.4 36 37.6 41.6 46.4 53.6 64.8 75.2 88.8 104 116 124.8 133.6 145.6 154.4 160 171.2 185.6 199.2 216 233.6 249.6 264.8 279.2 296 310.4 320.8 329.6 337.6 344.8 352 360 369.6 380 386.4 390.4 394.4 398.4 402.4 408 412.8 414.4 422.4 428 430.4 439.2 447.2 450.4 453.6 460.8 466.4 469.6 472 480 492
28 27.2 28 28 27.2 25.6 24 22.4 20 18.4 15.2 12.8 10.4 10.4 15.2 16.8 19.2 22.4 25.6 28 28.8 28.8 29.6 30.4 31.2 33.6 35.2 36 38.4 42.4 47.2 55.2 64 74.4 88 100 108.8 116 128 140 150.4 158.4 168.8 183.2 196 211.2 227.2 242.4 256.8 270.4 285.6 297.6 311.2 324 335.2 344 350.4 356.8 364 369.6 374.4 378.4 382.4 386.4 391.2 396 400 403.2 410.4 414.4 421.6 430.4 435.2 437.6 444 450.4 452.8 456 465.6 477.6 490.4
30.4 30.4 30.4 30.4 28.8 27.2 25.6 23.2 21.6 19.2 16 13.6 10.4 10.4 12.8 16 17.6 19.2 20.8 24 26.4 27.2 28 29.6 32 33.6 35.2 36.8 39.2 43.2 48 55.2 63.2 73.6 88 96.8 100.8 112 128.8 142.4 156 163.2 171.2 181.6 192 204 219.2 232 246.4 260 272.8 288.8 305.6 320.8 333.6 342.4 347.2 352 356.8 360.8 364 366.4 370.4 374.4 379.2 384 388 394.4 400 405.6 414.4 420.8 423.2 427.2 436 440 442.4 450.4 463.2 476 487.2
35.2 34.4 34.4 32.8 31.2 29.6 27.2 24.8 22.4 20 16.8 13.6 11.2 10.4 12.8 14.4 16 16.8 17.6 20 24 26.4 28 30.4 32 33.6 35.2 37.6 40 44 48 54.4 63.2 75.2 86.4 89.6 96 109.6 124.8 137.6 152 164.8 174.4 183.2 189.6 197.6 211.2 224.8 239.2 254.4 268 284 301.6 318.4 329.6 336.8 340.8 344.8 348 351.2 353.6 356 358.4 362.4 367.2 372 377.6 385.6 392 398.4 404 408 411.2 419.2 425.6 429.6 438.4 451.2 463.2 475.2 486.4
40 38.4 37.6 36 33.6 31.2 28.8 26.4 23.2 20 16.8 13.6 10.4 10.4 12 14.4 15.2 16.8 17.6 20 24 26.4 28.8 30.4 32 34.4 36 37.6 40.8 44.8 48.8 55.2 64.8 73.6 78.4 83.2 93.6 105.6 119.2 132 146.4 160 172.8 185.6 194.4 200 208.8 221.6 236 251.2 264 280.8 298.4 312 319.2 324 327.2 332 336.8 341.6 344.8 346.4 346.4 348.8 354.4 360 369.6 378.4 384.8 389.6 395.2 398.4 403.2 411.2 417.6 430.4 442.4 452.8 463.2 475.2 488
44 42.4 40.8 38.4 35.2 32.8 30.4 27.2 24 20.8 16.8 12.8 10.4 11.2 12 13.6 15.2 16.8 18.4 20.8 23.2 26.4 28.8 30.4 32 34.4 36 38.4 41.6 45.6 49.6 56 64 69.6 72.8 80.8 91.2 101.6 112.8 125.6 138.4 152 165.6 181.6 193.6 203.2 211.2 222.4 234.4 248.8 263.2 279.2 292.8 300 303.2 306.4 311.2 316.8 323.2 328.8 332.8 333.6 333.6 336.8 344.8 356 364.8 369.6 373.6 380.8 385.6 391.2 399.2 407.2 417.6 431.2 443.2 452.8 462.4 473.6 484
49.6 46.4 44 40.8 37.6 34.4 31.2 28.8 24.8 20.8 16.8 12 10.4 12 12.8 13.6 15.2 16.8 18.4 20.8 23.2 26.4 28.8 30.4 32 34.4 36 38.4 42.4 46.4 50.4 56 60.8 64.8 70.4 77.6 87.2 96 106.4 116.8 129.6 146.4 160.8 175.2 187.2 197.6 208.8 223.2 236 248 262.4 276 282.4 284 284.8 286.4 292.8 300.8 308.8 316 320 320.8 322.4 331.2 343.2 350.4 354.4 358.4 366.4 375.2 379.2 386.4 395.2 404.8 415.2 424.8 436 448 457.6 468 474.4
54.4 50.4 47.2 43.2 39.2 36 32.8 29.6 25.6 21.6 16.8 12 11.2 12 12.8 14.4 16 16.8 18.4 20 23.2 25.6 28.8 30.4 32 34.4 36 38.4 42.4 46.4 50.4 54.4 57.6 62.4 68.8 74.4 81.6 91.2 101.6 115.2 130.4 146.4 159.2 169.6 181.6 192.8 204.8 218.4 235.2 247.2 259.2 266.4 266.4 264.8 264.8 270.4 277.6 285.6 292.8 300 304.8 309.6 316 324.8 328.8 337.6 349.6 360 368 377.6 383.2 390.4 398.4 406.4 415.2 424 436 447.2 456 464 474.4
58.4 53.6 49.6 45.6 40.8 37.6 33.6 30.4 26.4 21.6 16.8 12.8 11.2 12 13.6 14.4 16.8 18.4 19.2 20.8 23.2 26.4 28.8 30.4 32 34.4 36 38.4 42.4 47.2 50.4 52.8 56 60 65.6 70.4 78.4 88 101.6 116 132 144.8 152 161.6 175.2 190.4 201.6 212.8 229.6 243.2 249.6 249.6 248.8 249.6 252 263.2 272 280.8 288 296 304.8 309.6 314.4 320 332 344.8 355.2 365.6 372.8 380 385.6 392.8 401.6 412.8 422.4 431.2 440 450.4 459.2 466.4 476.8
60.8 56 51.2 47.2 43.2 38.4 34.4 31.2 27.2 21.6 16.8 13.6 11.2 12 13.6 15.2 16.8 19.2 20.8 21.6 24.8 27.2 28.8 30.4 32 34.4 36 39.2 42.4 46.4 49.6 52 54.4 56.8 61.6 68.8 77.6 87.2 100 113.6 127.2 135.2 145.6 160.8 176 186.4 194.4 206.4 223.2 234.4 236 235.2 236.8 245.6 263.2 275.2 283.2 294.4 304.8 312 316.8 320 324.8 329.6 334.4 343.2 355.2 365.6 371.2 376 381.6 389.6 398.4 408.8 419.2 428 438.4 448 456.8 464.8 475.2
62.4 56.8 52.8 48.8 44 39.2 35.2 31.2 27.2 21.6 17.6 14.4 12 11.2 12.8 15.2 17.6 19.2 20.8 22.4 24.8 28 29.6 30.4 32 34.4 36.8 39.2 42.4 47.2 49.6 51.2 53.6 56 59.2 66.4 76 84.8 96 108 116.8 126.4 138.4 148.8 160 171.2 183.2 196.8 210.4 219.2 223.2 229.6 239.2 255.2 272.8 287.2 300 313.6 322.4 327.2 332 337.6 343.2 347.2 346.4 347.2 357.6 366.4 375.2 382.4 388 392.8 397.6 402.4 409.6 422.4 434.4 444 454.4 464 474.4
61.6 56.8 52.8 48.8 44.8 40 35.2 31.2 27.2 21.6 17.6 15.2 12.8 12 12.8 15.2 17.6 19.2 20.8 23.2 25.6 27.2 28.8 30.4 32 34.4 36 38.4 42.4 46.4 48.8 51.2 53.6 57.6 61.6 67.2 75.2 83.2 91.2 101.6 111.2 123.2 137.6 149.6 160.8 172 182.4 192.8 205.6 218.4 227.2 237.6 248.8 262.4 279.2 294.4 309.6 323.2 331.2 338.4 345.6 349.6 352 352.8 352.8 353.6 360.8 371.2 382.4 391.2 396.8 400.8 405.6 408.8 412.8 422.4 433.6 443.2 452.8 461.6 472
60 56.8 52 48.8 44 39.2 35.2 31.2 26.4 21.6 17.6 15.2 13.6 12 12 15.2 17.6 19.2 21.6 23.2 25.6 27.2 28.8 30.4 32 33.6 36 38.4 40.8 44.8 48 50.4 53.6 57.6 63.2 69.6 79.2 87.2 93.6 102.4 112 126.4 143.2 156 167.2 179.2 190.4 204.8 217.6 226.4 237.6 250.4 264 275.2 284.8 297.6 312.8 325.6 336 344.8 351.2 352.8 353.6 355.2 357.6 359.2 363.2 372 384 394.4 401.6 408 414.4 419.2 424 429.6 436.8 446.4 455.2 463.2 472
56 54.4 51.2 48 43.2 38.4 34.4 30.4 25.6 20.8 17.6 15.2 13.6 12 12.8 16 17.6 19.2 21.6 23.2 24.8 27.2 28 29.6 31.2 32.8 35.2 36.8 39.2 43.2 46.4 49.6 52.8 56.8 62.4 69.6 79.2 88 94.4 102.4 111.2 123.2 138.4 152 164 177.6 190.4 203.2 217.6 230.4 243.2 257.6 272 283.2 292 301.6 313.6 324.8 335.2 346.4 352 353.6 355.2 356.8 360 364 368 372 380.8 392.8 402.4 411.2 419.2 426.4 431.2 436 442.4 450.4 459.2 466.4 476.8
50.4 49.6 48.8 45.6 41.6 37.6 33.6 29.6 24.8 20.8 17.6 15.2 12.8 12 13.6 16.8 18.4 20 21.6 23.2 24.8 26.4 28 29.6 30.4 32.8 34.4 36 37.6 40.8 44 47.2 49.6 53.6 60 68.8 78.4 87.2 94.4 101.6 109.6 120 133.6 149.6 162.4 176 190.4 205.6 220.8 232.8 246.4 260 274.4 286.4 295.2 304.8 316 325.6 335.2 346.4 352.8 355.2 356.8 358.4 361.6 368 373.6 379.2 383.2 391.2 400 409.6 420 429.6 435.2 442.4 449.6 456.8 463.2 469.6 480.8
49.6 44.8 44 42.4 39.2 36 32.8 28.8 24.8 20 16.8 15.2 12.8 12.8 14.4 16.8 19.2 20 21.6 22.4 24.8 25.6 27.2 28 29.6 31.2 33.6 35.2 36.8 38.4 40.8 43.2 45.6 51.2 59.2 68.8 80 88 94.4 101.6 110.4 120 134.4 149.6 163.2 176.8 192.8 207.2 222.4 235.2 248 262.4 275.2 287.2 296.8 306.4 318.4 327.2 336 347.2 353.6 357.6 359.2 360.8 365.6 372.8 380 387.2 392.8 398.4 404.8 410.4 418.4 427.2 436 447.2 456.8 462.4 468 476 484
49.6 44 40.8 39.2 37.6 34.4 31.2 28 24 20 16.8 14.4 12.8 12.8 14.4 16.8 19.2 20 21.6 22.4 24 25.6 26.4 28 28.8 30.4 32 33.6 35.2 36.8 37.6 39.2 44 49.6 58.4 68 79.2 88 93.6 100.8 109.6 119.2 133.6 148.8 162.4 176.8 192.8 207.2 222.4 235.2 248.8 263.2 276 288 297.6 307.2 320 328.8 336 347.2 354.4 360 363.2 365.6 370.4 376 384.8 393.6 400.8 407.2 413.6 418.4 422.4 428 437.6 448 457.6 464.8 473.6 481.6 488.8
49.6 44 39.2 36.8 35.2 32.8 29.6 26.4 23.2 20 16.8 14.4 12.8 12.8 14.4 16.8 18.4 20 20.8 22.4 24 24.8 26.4 27.2 28 29.6 31.2 32 33.6 35.2 36 37.6 41.6 47.2 56 65.6 76 84.8 92.8 100 108 118.4 132 145.6 160 174.4 191.2 206.4 221.6 235.2 249.6 264 276.8 288 298.4 308.8 320 328.8 336.8 346.4 355.2 361.6 365.6 370.4 376 380.8 389.6 397.6 405.6 412.8 420 425.6 431.2 436.8 443.2 449.6 457.6 467.2 477.6 486.4 495.2
51.2 44.8 39.2 34.4 32 30.4 28 24.8 21.6 18.4 14.4 12.8 12.8 12.8 14.4 16.8 18.4 20 20.8 21.6 23.2 24 25.6 26.4 27.2 28.8 29.6 31.2 32.8 33.6 35.2 36.8 39.2 45.6 53.6 64 74.4 84 92 99.2 108 118.4 132.8 146.4 159.2 172 188 204 220.8 235.2 248.8 264.8 277.6 288.8 299.2 309.6 320 328.8 336.8 346.4 356 362.4 367.2 373.6 380.8 385.6 392.8 399.2 408 416.8 424 430.4 437.6 443.2 448.8 454.4 461.6 468.8 480 489.6 498.4
52.8 45.6 40.8 35.2 30.4 28 24.8 21.6 18.4 14.4 12.8 12.8 13.6 13.6 13.6 16.8 19.2 20 20.8 21.6 22.4 24 24.8 25.6 26.4 27.2 28 29.6 31.2 32.8 34.4 36 37.6 44.8 53.6 63.2 72.8 83.2 92 99.2 107.2 118.4 132.8 148.8 162.4 174.4 188 202.4 218.4 233.6 248.8 265.6 277.6 289.6 300 309.6 320 328 336 346.4 356 363.2 369.6 376.8 384 389.6 395.2 402.4 410.4 419.2 426.4 434.4 441.6 448 453.6 460 467.2 472.8 480.8 491.2 500.8
55.2 48 43.2 38.4 31.2 25.6 20.8 18.4 15.2 13.6 13.6 13.6 13.6 13.6 14.4 17.6 19.2 20 20.8 21.6 22.4 23.2 24 24.8 25.6 26.4 27.2 28.8 30.4 32 34.4 36 37.6 44 52.8 61.6 71.2 81.6 90.4 97.6 106.4 117.6 132 149.6 164.8 177.6 192 204 217.6 232.8 248 264.8 277.6 289.6 300 309.6 319.2 328 335.2 344.8 355.2 364 371.2 379.2 385.6 392 398.4 404.8 412.8 420.8 428.8 436.8 444 451.2 458.4 464.8 472 479.2 484.8 492.8 501.6
58.4 52 47.2 40.8 33.6 26.4 20 16.8 14.4 13.6 13.6 13.6 14.4 14.4 14.4 18.4 19.2 20 20 20.8 21.6 22.4 23.2 24 25.6 26.4 27.2 28 29.6 32 33.6 35.2 37.6 42.4 50.4 59.2 68 79.2 89.6 96.8 105.6 116.8 131.2 148.8 164.8 178.4 192 205.6 218.4 232.8 247.2 264 277.6 288.8 299.2 308.8 318.4 327.2 335.2 344 355.2 364 372 380 387.2 393.6 400 406.4 414.4 421.6 430.4 438.4 446.4 454.4 462.4 470.4 478.4 486.4 491.2 496 504.8
62.4 55.2 49.6 42.4 35.2 26.4 20.8 16.8 15.2 13.6 13.6 14.4 14.4 14.4 15.2 16 17.6 18.4 19.2 20 20.8 21.6 22.4 24 24.8 25.6 26.4 28 29.6 31.2 33.6 35.2 36.8 40 48 56.8 68 77.6 88.8 97.6 106.4 114.4 128.8 145.6 162.4 176.8 189.6 204 218.4 233.6 248 263.2 276.8 288.8 299.2 308 317.6 325.6 334.4 343.2 353.6 363.2 372 380.8 388 394.4 400.8 408 415.2 423.2 431.2 440 448.8 457.6 467.2 476 484.8 492.8 496.8 501.6 509.6
64.8 56.8 50.4 43.2 34.4 26.4 20 17.6 15.2 14.4 13.6 14.4 15.2 15.2 16 16 16.8 17.6 18.4 19.2 20 20.8 21.6 23.2 24.8 25.6 26.4 27.2 28.8 31.2 32.8 34.4 36.8 40 48 56.8 66.4 76 87.2 96.8 107.2 116 129.6 144 160 176 189.6 204 217.6 232.8 247.2 262.4 276.8 288.8 298.4 307.2 316 324.8 332.8 342.4 352.8 362.4 371.2 380.8 388 394.4 401.6 408.8 416 424.8 433.6 442.4 452.8 463.2 473.6 482.4 490.4 498.4 502.4 506.4 513.6
65.6 57.6 49.6 42.4 33.6 25.6 19.2 16.8 16 15.2 14.4 14.4 16 16.8 16.8 16.8 17.6 17.6 18.4 18.4 19.2 20 21.6 22.4 24 25.6 26.4 27.2 28.8 31.2 32.8 34.4 36.8 39.2 48 56.8 64.8 74.4 84 93.6 104 115.2 128.8 144 160 173.6 188 204.8 219.2 233.6 247.2 261.6 276 288 297.6 305.6 314.4 323.2 332 341.6 352 360.8 370.4 379.2 387.2 394.4 401.6 409.6 417.6 426.4 436 445.6 457.6 468.8 479.2 486.4 496 500.8 505.6 510.4 516
66.4 56.8 49.6 41.6 32.8 24.8 18.4 16.8 16 15.2 14.4 15.2 16.8 17.6 17.6 18.4 18.4 19.2 18.4 18.4 19.2 20 20.8 22.4 24 24.8 26.4 27.2 28.8 30.4 32.8 34.4 36.8 40 51.2 61.6 68 74.4 82.4 92.8 104 114.4 127.2 141.6 158.4 173.6 188.8 206.4 220 233.6 246.4 260.8 276 286.4 296.8 304.8 312.8 321.6 330.4 340 350.4 358.4 368 377.6 386.4 393.6 401.6 409.6 418.4 427.2 438.4 449.6 464 472.8 480.8 488.8 496.8 501.6 505.6 511.2 516
64.8 56 48 40 32 24 18.4 16.8 15.2 14.4 15.2 16 17.6 18.4 18.4 19.2 19.2 19.2 19.2 19.2 19.2 20 20.8 22.4 24 24.8 26.4 27.2 28.8 30.4 32.8 34.4 36.8 40.8 52.8 65.6 72 77.6 84.8 93.6 104 114.4 128 142.4 158.4 173.6 190.4 209.6 223.2 235.2 247.2 260.8 275.2 285.6 295.2 304 312 320 328.8 338.4 347.2 356 364.8 375.2 384 392.8 400.8 409.6 419.2 428.8 440.8 454.4 467.2 474.4 480 488 494.4 499.2 503.2 507.2 508.8
65.6 56.8 48 40.8 32 24.8 19.2 16 15.2 15.2 15.2 16.8 18.4 19.2 19.2 20 20 20 20 20 20 20 20.8 22.4 24 24.8 26.4 27.2 28.8 30.4 32.8 34.4 36 40 50.4 63.2 72 80.8 89.6 96.8 104.8 114.4 126.4 140.8 157.6 173.6 190.4 209.6 224.8 236.8 248.8 261.6 274.4 284 293.6 301.6 309.6 317.6 325.6 335.2 344 352 361.6 372 381.6 390.4 400 408 419.2 429.6 442.4 456 464.8 470.4 475.2 480.8 486.4 492 496.8 496 494.4
69.6 60.8 51.2 41.6 32.8 24.8 19.2 16 15.2 15.2 16 17.6 18.4 19.2 20 20 20 20 20 20 20.8 20.8 21.6 22.4 23.2 24.8 26.4 27.2 28.8 30.4 32 34.4 36 37.6 47.2 60.8 72.8 81.6 90.4 98.4 107.2 115.2 124.8 138.4 154.4 170.4 188 207.2 224 237.6 249.6 263.2 275.2 283.2 291.2 299.2 306.4 313.6 321.6 331.2 340 348.8 357.6 367.2 377.6 387.2 396.8 405.6 418.4 428.8 440 451.2 457.6 460.8 462.4 468.8 474.4 480 486.4 480 476
73.6 64 52 42.4 33.6 26.4 20 16 15.2 15.2 16 17.6 19.2 19.2 20 20 20.8 20.8 20.8 20.8 20.8 21.6 21.6 22.4 23.2 24 25.6 27.2 28.8 30.4 32 33.6 35.2 37.6 45.6 60 74.4 84 91.2 97.6 107.2 116.8 127.2 140.8 155.2 168.8 186.4 205.6 222.4 238.4 250.4 263.2 275.2 282.4 290.4 296.8 303.2 309.6 317.6 326.4 336 344 352.8 361.6 372.8 383.2 392.8 402.4 413.6 424 432 440 445.6 447.2 448 455.2 460.8 466.4 472.8 470.4 459.2
76.8 65.6 55.2 45.6 36 28 20.8 16.8 16 16 16 16.8 19.2 20 20 20 20 20.8 20.8 21.6 21.6 22.4 22.4 23.2 23.2 24 25.6 27.2 28.8 30.4 32 33.6 35.2 36.8 43.2 57.6 72.8 85.6 92.8 99.2 106.4 115.2 127.2 140.8 154.4 168.8 185.6 203.2 220.8 236.8 249.6 262.4 273.6 282.4 290.4 296 301.6 308 313.6 320.8 331.2 339.2 348 356 367.2 378.4 387.2 396.8 404 410.4 416 422.4 428.8 431.2 430.4 439.2 444.8 452.8 460 454.4 443.2
80 69.6 58.4 48 37.6 29.6 23.2 18.4 16.8 16.8 16.8 16.8 18.4 18.4 19.2 19.2 20 20.8 21.6 22.4 22.4 23.2 23.2 24 24 24 25.6 27.2 28.8 30.4 32 33.6 35.2 36.8 40 54.4 69.6 84 92 99.2 106.4 114.4 125.6 137.6 152 166.4 184 200.8 217.6 235.2 248 260 272 280.8 288.8 296 302.4 308.8 314.4 320 329.6 336.8 344 352 360.8 372.8 381.6 388 392.8 396 400 403.2 407.2 412.8 416 421.6 427.2 436 444.8 440.8 423.2
83.2 71.2 60 48.8 38.4 30.4 24.8 19.2 17.6 18.4 17.6 16.8 16.8 16.8 18.4 19.2 20 21.6 22.4 24 24 24 24 24 24.8 24.8 25.6 26.4 28 29.6 31.2 32.8 34.4 36 38.4 50.4 64.8 78.4 89.6 97.6 104.8 114.4 125.6 137.6 150.4 164 181.6 197.6 215.2 232 244.8 256 268.8 279.2 287.2 294.4 302.4 310.4 318.4 324.8 330.4 337.6 343.2 349.6 357.6 367.2 374.4 378.4 380 381.6 384.8 387.2 389.6 395.2 400 403.2 409.6 416.8 423.2 421.6 409.6
83.2 72 60 49.6 40 31.2 24.8 20 18.4 19.2 18.4 16.8 16.8 16.8 17.6 19.2 20 22.4 24 25.6 25.6 25.6 25.6 25.6 25.6 25.6 25.6 26.4 28 29.6 31.2 32.8 34.4 36 37.6 45.6 60 73.6 86.4 95.2 103.2 112 123.2 135.2 148 161.6 178.4 194.4 210.4 227.2 240.8 252.8 264 275.2 284 292 300.8 308.8 318.4 328 334.4 340 344.8 350.4 356.8 361.6 364 364.8 364.8 365.6 368.8 371.2 374.4 380.8 384 386.4 393.6 400 405.6 406.4 396.8
