files/test_files/ascii_files/ascii_to_fds/dem.asc
ncols         250
nrows         150
xllcorner     0.00
yllcorner     0.00
cellsize      20
NODATA_value  -1
[rows 108 to 143 of 150, columns 0 to 80 of 250]
71.2 64 57.6 48.8 39.2 33.6 28 26.4 25.6 26.4 26.4 26.4 27.2 27.2 27.2 27.2 28 28 28.8 29.6 30.4 31.2 32 32.8 33.6 34.4 35.2 36 36.8 37.6 40.8 52.8 64 73.6 85.6 101.6 118.4 133.6 148.8 164.8 183.2 200.8 220 240 261.6 273.6 277.6 278.4 280.8 283.2 281.6 279.2 281.6 278.4 272.8 268 266.4 266.4 261.6 252.8 253.6 260.8 264 261.6 257.6 251.2 247.2 242.4 234.4 232.8 232 228.8 230.4 229.6 228.8 227.2 223.2 226.4 234.4 234.4 231.2
67.2 60.8 54.4 45.6 37.6 33.6 28.8 27.2 26.4 26.4 26.4 27.2 27.2 28 28 28 28 28 28.8 29.6 30.4 31.2 32 32.8 33.6 34.4 35.2 36 36.8 37.6 43.2 53.6 64 74.4 88 106.4 123.2 138.4 154.4 172.8 192.8 212 229.6 246.4 268.8 286.4 294.4 294.4 295.2 297.6 296.8 296 294.4 291.2 287.2 288.8 290.4 292 287.2 277.6 275.2 282.4 286.4 281.6 276 268 267.2 260 247.2 248 244.8 247.2 248.8 248.8 247.2 244.8 234.4 239.2 247.2 248.8 248
64 56.8 50.4 43.2 36.8 32.8 29.6 27.2 26.4 26.4 26.4 27.2 28 28 28 28.8 28.8 28 28.8 29.6 30.4 31.2 32 32.8 33.6 34.4 35.2 36 36.8 38.4 45.6 55.2 64.8 76 91.2 110.4 128 145.6 162.4 180.8 201.6 221.6 244.8 257.6 276.8 296.8 307.2 307.2 309.6 313.6 314.4 313.6 311.2 305.6 304.8 309.6 317.6 321.6 315.2 307.2 297.6 298.4 303.2 299.2 295.2 289.6 289.6 278.4 263.2 260.8 262.4 263.2 267.2 270.4 270.4 260 244.8 250.4 260 265.6 264.8
61.6 53.6 46.4 40 36 32.8 29.6 27.2 26.4 26.4 27.2 28 28 28 28.8 28.8 28.8 28.8 29.6 29.6 30.4 31.2 32 32.8 33.6 34.4 35.2 36 36 40 48.8 57.6 67.2 79.2 96 113.6 130.4 149.6 169.6 193.6 213.6 232 252.8 272.8 285.6 302.4 314.4 318.4 323.2 331.2 334.4 335.2 331.2 322.4 320 331.2 341.6 346.4 341.6 332 317.6 312 319.2 318.4 316 312 308.8 293.6 279.2 280.8 283.2 279.2 287.2 288.8 285.6 270.4 257.6 265.6 275.2 281.6 278.4
60 52.8 44 37.6 34.4 31.2 28.8 27.2 26.4 27.2 27.2 28 28 28.8 28.8 29.6 29.6 29.6 29.6 30.4 31.2 32 32.8 33.6 33.6 34.4 35.2 36 36.8 42.4 51.2 60 70.4 84 101.6 119.2 136 156 176 201.6 222.4 236.8 256.8 280.8 297.6 309.6 320.8 332.8 340.8 348.8 353.6 355.2 352.8 344 336 349.6 361.6 368.8 364 355.2 337.6 330.4 338.4 343.2 340.8 335.2 324 308.8 299.2 302.4 300 298.4 304.8 304.8 299.2 283.2 276 285.6 293.6 296 290.4
56.8 49.6 41.6 36.8 33.6 30.4 28 27.2 27.2 27.2 27.2 28 28 28.8 29.6 29.6 29.6 30.4 30.4 31.2 32 32 32.8 33.6 34.4 35.2 36 36.8 36.8 44 53.6 62.4 73.6 88 106.4 123.2 140 160 182.4 204 226.4 247.2 264 284 308 324.8 336 345.6 355.2 363.2 368.8 370.4 370.4 365.6 357.6 365.6 376.8 387.2 384.8 376 360.8 351.2 353.6 362.4 362.4 354.4 336.8 326.4 321.6 323.2 317.6 316.8 320 318.4 313.6 301.6 297.6 304.8 308.8 311.2 303.2
52.8 45.6 39.2 36 32 28.8 27.2 27.2 27.2 28 28 28 28.8 28.8 29.6 29.6 30.4 30.4 31.2 31.2 32 32.8 33.6 34.4 35.2 36 36 36.8 38.4 45.6 55.2 64 76.8 92 110.4 125.6 144 168 188.8 209.6 230.4 252.8 275.2 292 315.2 336 352 360.8 368 375.2 381.6 386.4 387.2 382.4 379.2 383.2 392.8 400 404 396 383.2 375.2 372 380.8 378.4 366.4 354.4 349.6 346.4 341.6 336.8 336 338.4 337.6 328.8 320 319.2 323.2 324.8 326.4 321.6
51.2 44 37.6 35.2 32 28.8 28 28 28 28.8 28 28 28.8 28.8 29.6 30.4 30.4 31.2 31.2 32 32.8 32.8 33.6 34.4 35.2 36 36.8 37.6 40.8 48.8 58.4 68 80.8 96.8 115.2 131.2 152 178.4 195.2 214.4 236 260.8 280.8 300 320.8 340.8 360 374.4 384 391.2 396 400 403.2 402.4 401.6 400 410.4 412.8 421.6 417.6 405.6 398.4 395.2 393.6 392 383.2 379.2 374.4 367.2 360 356.8 354.4 357.6 357.6 346.4 336.8 336 339.2 342.4 342.4 340.8
49.6 42.4 37.6 35.2 32 29.6 28.8 28.8 28.8 28.8 28.8 28 28.8 28.8 29.6 30.4 31.2 31.2 32 32.8 33.6 33.6 34.4 35.2 36 36 36.8 38.4 45.6 54.4 63.2 73.6 85.6 102.4 120 136.8 157.6 182.4 200.8 220 236.8 258.4 280 300.8 320.8 340.8 358.4 376 396 408.8 417.6 420.8 424.8 424.8 424 417.6 428 432.8 436.8 441.6 431.2 421.6 415.2 412 407.2 402.4 404.8 397.6 386.4 379.2 376 372.8 376.8 374.4 364 352.8 351.2 356 359.2 359.2 358.4
48 40.8 36.8 35.2 32.8 30.4 29.6 29.6 30.4 29.6 28.8 28 28 28.8 29.6 30.4 31.2 32 32.8 33.6 34.4 34.4 35.2 36 36.8 37.6 37.6 40.8 49.6 58.4 67.2 78.4 92 108 124 140.8 161.6 185.6 204.8 224 240.8 258.4 276.8 297.6 316 335.2 356.8 377.6 400 420.8 437.6 440 444 447.2 444.8 435.2 440.8 451.2 452 464 456 448 440.8 433.6 422.4 420.8 424 416 404 400 396 396 394.4 390.4 380 368 366.4 370.4 375.2 376.8 375.2
45.6 39.2 36.8 35.2 33.6 32 31.2 31.2 30.4 29.6 28.8 28 28 28.8 29.6 30.4 31.2 32 32.8 33.6 34.4 35.2 36 36.8 37.6 38.4 40 44.8 52.8 60.8 70.4 82.4 97.6 115.2 130.4 149.6 170.4 189.6 208 225.6 240.8 256.8 275.2 294.4 316.8 337.6 356 378.4 399.2 421.6 444.8 460 466.4 468.8 466.4 456 452 468 467.2 477.6 476 472 464 453.6 440 440 444 439.2 422.4 417.6 412 411.2 408.8 404.8 394.4 383.2 383.2 388 393.6 396 394.4
43.2 37.6 36 35.2 34.4 33.6 32.8 32 30.4 29.6 28 28 28 28.8 29.6 30.4 31.2 32 33.6 34.4 35.2 36 36.8 37.6 39.2 42.4 47.2 50.4 56.8 65.6 74.4 86.4 102.4 119.2 136 154.4 174.4 191.2 208.8 224.8 239.2 254.4 272.8 291.2 312.8 336 355.2 375.2 395.2 416 441.6 466.4 480.8 488 492 475.2 472 492 487.2 492 493.6 493.6 484 471.2 460 458.4 461.6 456.8 442.4 432.8 426.4 424.8 423.2 420 409.6 400.8 404 408.8 412.8 414.4 412.8
42.4 37.6 36 35.2 34.4 34.4 33.6 32 31.2 29.6 28 28 28 28.8 29.6 30.4 32 32.8 33.6 35.2 36 36.8 37.6 39.2 43.2 48 52 56 60 69.6 80.8 92.8 108 122.4 139.2 156 174.4 192 208 224 239.2 252.8 269.6 288.8 309.6 331.2 350.4 372 393.6 419.2 443.2 465.6 489.6 504 512.8 495.2 495.2 506.4 507.2 508.8 516 512 502.4 488.8 477.6 474.4 478.4 473.6 460.8 450.4 443.2 441.6 440.8 436 424.8 419.2 424 428.8 432 432.8 431.2
41.6 37.6 36 36 36 35.2 34.4 32.8 31.2 29.6 28 28 28 28.8 30.4 31.2 32 32.8 34.4 35.2 36 36.8 38.4 41.6 46.4 51.2 56 60.8 64.8 72 85.6 97.6 112.8 126.4 143.2 159.2 174.4 192 206.4 220.8 233.6 248.8 267.2 286.4 303.2 324.8 348 370.4 392 412 436 466.4 488.8 508.8 521.6 515.2 515.2 521.6 527.2 524 533.6 528.8 516.8 505.6 493.6 492 496 488.8 480 469.6 462.4 461.6 460 453.6 440 436.8 441.6 447.2 450.4 450.4 448.8
40 37.6 36.8 37.6 37.6 36.8 36 33.6 31.2 29.6 28 28 28 29.6 30.4 31.2 32.8 33.6 34.4 35.2 36.8 37.6 40 44 48.8 54.4 59.2 64.8 70.4 77.6 87.2 100 113.6 126.4 140.8 154.4 168.8 186.4 200.8 214.4 230.4 247.2 265.6 284 302.4 325.6 348 370.4 390.4 407.2 428.8 454.4 479.2 498.4 515.2 531.2 538.4 540.8 545.6 541.6 548 543.2 534.4 522.4 511.2 511.2 514.4 507.2 499.2 488 484 481.6 480 468.8 457.6 457.6 460.8 464.8 468.8 469.6 465.6
40 37.6 38.4 38.4 38.4 38.4 36.8 33.6 31.2 29.6 28 28 28.8 29.6 30.4 32 33.6 34.4 35.2 36 36.8 38.4 41.6 46.4 51.2 56 62.4 68.8 76 83.2 92 102.4 113.6 126.4 142.4 156.8 170.4 184.8 199.2 212.8 229.6 246.4 265.6 285.6 306.4 328 349.6 372 392.8 409.6 430.4 451.2 473.6 496.8 527.2 546.4 560 568 568.8 564 568.8 561.6 552.8 536.8 531.2 532 531.2 526.4 517.6 508.8 504.8 502.4 498.4 482.4 473.6 476 480 484 488.8 487.2 482.4
40.8 39.2 40 40 39.2 37.6 36 32.8 30.4 29.6 28 28 28.8 29.6 31.2 32.8 34.4 35.2 36 36.8 37.6 40 43.2 48 52 57.6 64 72 79.2 85.6 95.2 106.4 117.6 129.6 144 158.4 174.4 191.2 208.8 223.2 237.6 252 267.2 284.8 305.6 327.2 350.4 372 391.2 409.6 430.4 450.4 472.8 497.6 532 552.8 574.4 592.8 593.6 585.6 584 576 565.6 554.4 551.2 548.8 547.2 544 538.4 532 526.4 521.6 511.2 498.4 490.4 492.8 497.6 503.2 508 504 498.4
40.8 39.2 38.4 38.4 37.6 36.8 34.4 31.2 29.6 28.8 28 28 28 29.6 31.2 33.6 35.2 36.8 36.8 36.8 38.4 40.8 44 48 52.8 57.6 64.8 72 79.2 86.4 96.8 109.6 121.6 137.6 153.6 164.8 178.4 195.2 216.8 232 249.6 262.4 275.2 290.4 313.6 335.2 354.4 372.8 390.4 408 430.4 450.4 470.4 494.4 520.8 548.8 580.8 608.8 616 607.2 598.4 589.6 580 572.8 569.6 565.6 566.4 563.2 559.2 551.2 544 536 523.2 513.6 508 509.6 516 522.4 524.8 520 515.2
36.8 34.4 32 32 34.4 35.2 32.8 30.4 28.8 28 28 28 28 29.6 32 34.4 36.8 37.6 37.6 36.8 38.4 40.8 44 48 52 56.8 62.4 69.6 76.8 85.6 97.6 112 124.8 140.8 157.6 171.2 186.4 203.2 222.4 237.6 254.4 270.4 289.6 304 315.2 338.4 359.2 374.4 392 411.2 432 452 472.8 492 508.8 543.2 582.4 614.4 632.8 628 616.8 607.2 599.2 592.8 588 584.8 585.6 581.6 578.4 571.2 564 553.6 540 532.8 528.8 529.6 536 542.4 543.2 536.8 531.2
33.6 28.8 28 28.8 31.2 33.6 31.2 28.8 28 28 28 28.8 28.8 30.4 32.8 35.2 36.8 38.4 38.4 37.6 38.4 40.8 44 47.2 50.4 54.4 59.2 67.2 76.8 86.4 100.8 114.4 128 144 160 175.2 192.8 208.8 224.8 240.8 259.2 276 295.2 314.4 329.6 345.6 363.2 376.8 393.6 413.6 433.6 453.6 476 498.4 514.4 540.8 576 615.2 636.8 643.2 634.4 625.6 620.8 612.8 606.4 603.2 602.4 599.2 596 590.4 585.6 573.6 560.8 552 548 548 555.2 564 563.2 557.6 552
31.2 28 28 28 28.8 32 31.2 28 28 28 28.8 29.6 30.4 31.2 33.6 35.2 36.8 38.4 39.2 38.4 38.4 40 44 46.4 49.6 52.8 57.6 65.6 76 88 104 118.4 133.6 148 162.4 178.4 196.8 215.2 232.8 248 264.8 282.4 299.2 318.4 338.4 356.8 373.6 384 396.8 417.6 437.6 457.6 479.2 498.4 520 539.2 566.4 600.8 621.6 618.4 627.2 630.4 638.4 639.2 632 625.6 620.8 617.6 612.8 606.4 602.4 593.6 583.2 573.6 568.8 568 575.2 583.2 585.6 582.4 564.8
30.4 28 28 28 28.8 30.4 31.2 30.4 28.8 28 28.8 29.6 30.4 32 33.6 35.2 36.8 38.4 39.2 39.2 39.2 40 43.2 45.6 48 51.2 56.8 65.6 77.6 91.2 108.8 122.4 137.6 156 171.2 184.8 201.6 217.6 235.2 251.2 268 286.4 304.8 323.2 343.2 360.8 387.2 404 413.6 427.2 442.4 459.2 478.4 498.4 521.6 548 566.4 588.8 615.2 602.4 606.4 617.6 636.8 656.8 660.8 650.4 642.4 637.6 633.6 627.2 622.4 616 607.2 598.4 592.8 590.4 593.6 600.8 604.8 593.6 570.4
30.4 28 28 28 28 29.6 30.4 29.6 28.8 28.8 28 28.8 30.4 32 33.6 35.2 36.8 38.4 40 40.8 40 41.6 44 45.6 47.2 51.2 59.2 68.8 80.8 96.8 116 131.2 146.4 161.6 177.6 192.8 207.2 223.2 238.4 256 271.2 288 308.8 328 347.2 365.6 393.6 416.8 430.4 440 449.6 460 476 494.4 516 550.4 574.4 592 593.6 581.6 585.6 605.6 632.8 656.8 674.4 679.2 669.6 662.4 656.8 652 647.2 640.8 632 621.6 612 608 609.6 615.2 618.4 601.6 584
29.6 28 28 28 28 28.8 28.8 28.8 28.8 28 28 28.8 30.4 32 33.6 35.2 36.8 38.4 39.2 40.8 41.6 42.4 44 45.6 47.2 52 61.6 72 84.8 102.4 120 137.6 156 170.4 185.6 200.8 217.6 235.2 252.8 267.2 280 294.4 314.4 335.2 356 379.2 406.4 430.4 443.2 451.2 461.6 472.8 485.6 504 527.2 549.6 570.4 580.8 571.2 562.4 572 599.2 628.8 648.8 672.8 694.4 696 692 692 684.8 679.2 673.6 660 644.8 633.6 628.8 626.4 631.2 634.4 616 602.4
30.4 28 28 28 28 28 28 28 28 28 28 28.8 30.4 32 33.6 35.2 36.8 38.4 40 40.8 42.4 43.2 44.8 45.6 47.2 52 62.4 73.6 86.4 103.2 121.6 138.4 156.8 175.2 192.8 207.2 222.4 240 260.8 277.6 291.2 306.4 324.8 344.8 365.6 389.6 420 440.8 453.6 465.6 474.4 484.8 500.8 516 530.4 536 543.2 544.8 530.4 544.8 565.6 592 617.6 641.6 664.8 685.6 701.6 702.4 708 712.8 710.4 707.2 684 660.8 652.8 651.2 646.4 651.2 646.4 629.6 618.4
31.2 28.8 28 28 28 28 28.8 28.8 28.8 28 28.8 29.6 31.2 32.8 34.4 35.2 36.8 38.4 40.8 42.4 42.4 44 44.8 45.6 47.2 53.6 65.6 77.6 90.4 106.4 121.6 138.4 160 179.2 197.6 216 233.6 248 264.8 281.6 297.6 313.6 332 353.6 370.4 389.6 406.4 427.2 442.4 457.6 465.6 474.4 496.8 506.4 513.6 505.6 507.2 508 513.6 537.6 561.6 586.4 609.6 625.6 651.2 668.8 684.8 685.6 710.4 716 714.4 712 690.4 669.6 660.8 659.2 659.2 668 663.2 648 634.4
32 30.4 29.6 28.8 28.8 28 28 28.8 28.8 28.8 29.6 30.4 31.2 32.8 34.4 35.2 36.8 38.4 43.2 45.6 44 44 45.6 46.4 48.8 56 67.2 80 94.4 112.8 128 147.2 163.2 183.2 202.4 220.8 236 252 268 285.6 300.8 319.2 337.6 352.8 366.4 380.8 395.2 410.4 420.8 436.8 448 465.6 484 488.8 488 483.2 481.6 488 504.8 525.6 548.8 568 585.6 604.8 625.6 644.8 656 676 700 700 690.4 681.6 660 656.8 650.4 651.2 660 672.8 675.2 668 652
34.4 32.8 31.2 30.4 29.6 28 28 28.8 29.6 29.6 30.4 31.2 32 33.6 35.2 36 36.8 39.2 45.6 48 45.6 44.8 45.6 47.2 51.2 59.2 70.4 84 98.4 114.4 129.6 148 164.8 184.8 206.4 227.2 242.4 254.4 271.2 289.6 303.2 319.2 331.2 340.8 352.8 364 378.4 391.2 404.8 420.8 436 458.4 458.4 467.2 468 459.2 458.4 472 492 513.6 535.2 552.8 568.8 587.2 604.8 622.4 644 666.4 681.6 672.8 654.4 640 634.4 640.8 629.6 636 644.8 654.4 664.8 673.6 664
36 34.4 32.8 31.2 29.6 28 28 28.8 29.6 30.4 31.2 31.2 32 33.6 35.2 36 36.8 39.2 46.4 48 46.4 44.8 46.4 48 53.6 63.2 75.2 87.2 102.4 116.8 132.8 148.8 167.2 186.4 207.2 228 248.8 260 275.2 288.8 298.4 309.6 318.4 326.4 338.4 349.6 362.4 374.4 389.6 402.4 421.6 432 438.4 451.2 449.6 437.6 443.2 465.6 487.2 509.6 530.4 547.2 563.2 580.8 600 623.2 642.4 660.8 658.4 640.8 620 617.6 618.4 620.8 608.8 615.2 625.6 640 650.4 661.6 664.8
37.6 36 33.6 31.2 29.6 28 28 28.8 29.6 30.4 31.2 32 32.8 34.4 35.2 36 36.8 39.2 44.8 47.2 45.6 44.8 46.4 48.8 56 66.4 78.4 90.4 104.8 119.2 134.4 151.2 170.4 187.2 208 227.2 246.4 260.8 270.4 279.2 287.2 296 303.2 313.6 325.6 334.4 344 360 372.8 385.6 399.2 415.2 428.8 436 430.4 421.6 436 455.2 477.6 502.4 524 540.8 555.2 572 596 622.4 639.2 642.4 630.4 610.4 597.6 604.8 599.2 596 588.8 595.2 606.4 623.2 632.8 643.2 655.2
38.4 36.8 34.4 32 29.6 28 28.8 29.6 30.4 31.2 32 32 32.8 34.4 35.2 36 36.8 39.2 43.2 44.8 44 44.8 46.4 50.4 60 69.6 80.8 92 106.4 120.8 135.2 152 171.2 187.2 205.6 223.2 238.4 252 258.4 264.8 272.8 282.4 291.2 301.6 311.2 320.8 332 344.8 356.8 370.4 384.8 400 415.2 421.6 405.6 405.6 424 447.2 464.8 487.2 509.6 528 545.6 563.2 588 613.6 624.8 617.6 601.6 582.4 582.4 591.2 576.8 573.6 572 577.6 588 598.4 609.6 625.6 642.4
39.2 36.8 34.4 32 29.6 28 28.8 29.6 30.4 31.2 32 32.8 33.6 34.4 35.2 36 37.6 38.4 40.8 42.4 44 45.6 47.2 54.4 63.2 72.8 82.4 94.4 108.8 121.6 136 150.4 168 184 200 213.6 227.2 239.2 246.4 252 260.8 271.2 280.8 288.8 296 308 320 331.2 343.2 356 368 381.6 396.8 395.2 384.8 396.8 413.6 436.8 456 474.4 500 521.6 540.8 556 576.8 593.6 600.8 587.2 568.8 559.2 572 573.6 557.6 552.8 554.4 564 572 580.8 593.6 610.4 630.4
39.2 36.8 34.4 32 29.6 28.8 28.8 29.6 30.4 31.2 32 32.8 33.6 34.4 35.2 36 37.6 38.4 40.8 42.4 44.8 46.4 49.6 57.6 65.6 76 84.8 96.8 109.6 121.6 135.2 148.8 164 179.2 192.8 205.6 216 225.6 232.8 238.4 249.6 260 267.2 276 284 292.8 302.4 317.6 331.2 341.6 350.4 365.6 376 364.8 372.8 391.2 416 436.8 456 472 496.8 516 532.8 547.2 564 569.6 560.8 552 539.2 540.8 561.6 552 536.8 532.8 536 544.8 555.2 569.6 582.4 598.4 620.8
39.2 36.8 34.4 32 30.4 28.8 29.6 30.4 30.4 31.2 32 32.8 33.6 34.4 35.2 36.8 37.6 39.2 40.8 43.2 45.6 47.2 52 59.2 68.8 78.4 86.4 98.4 110.4 121.6 134.4 146.4 159.2 172.8 185.6 196.8 205.6 212.8 220 227.2 237.6 246.4 253.6 264 270.4 276.8 288.8 302.4 315.2 324.8 336 346.4 349.6 349.6 365.6 389.6 414.4 435.2 452 468 491.2 508.8 520.8 536 547.2 535.2 524 522.4 512.8 521.6 538.4 528 516 514.4 519.2 530.4 542.4 556 575.2 591.2 610.4
38.4 36.8 34.4 32.8 31.2 30.4 30.4 30.4 31.2 32 32 32.8 33.6 34.4 35.2 36 37.6 39.2 40.8 44 46.4 49.6 53.6 60 70.4 80 88 100 110.4 120.8 131.2 143.2 152.8 164.8 176.8 186.4 195.2 203.2 211.2 218.4 224.8 233.6 242.4 252 258.4 266.4 276 285.6 296 307.2 316.8 324 325.6 337.6 356.8 377.6 404.8 424 440.8 456.8 474.4 490.4 499.2 516 526.4 512 496.8 496 488 494.4 502.4 496.8 492 495.2 505.6 518.4 532 545.6 565.6 583.2 600
37.6 36.8 35.2 33.6 32 31.2 31.2 31.2 31.2 32 32.8 33.6 33.6 34.4 35.2 36 37.6 39.2 40.8 44 47.2 50.4 54.4 60.8 70.4 80.8 89.6 100 111.2 120 128.8 139.2 147.2 156 165.6 176 185.6 194.4 201.6 208 214.4 224 232 238.4 244 254.4 262.4 270.4 280.8 291.2 300 305.6 310.4 328 348 365.6 387.2 404.8 422.4 439.2 449.6 454.4 460 486.4 503.2 487.2 473.6 472.8 466.4 465.6 469.6 471.2 472 480 496 512.8 524 539.2 555.2 573.6 592
